# Number of parameters = 124  Objective function value = 13583.0  Maximum gradient component = 9.56254
# theta[1]:
11.2063785464
# theta[2]:
7.73839206951
# theta[3]:
0.499992636785
# theta[4]:
36.4600000000
# theta[5]:
0.180000000000
# theta[6]:
0.750000000000
# theta[7]:
11.6646522889
# theta[8]:
0.715942650531
# log_bar_f:
 -1.99866176022 0.254662311514
# log_tau:
 0.581173860718 2.84341934740
# sel_par[1]:
 3.78448723326 1.78105207701
# sel_par[2]:
 2.72386845137 3.18496323078 -3.33892777830
# ddot_r_devs:
 -1.90068430103 -1.65496310359 -1.52407837061 -1.23451196819 -0.657889610568 0.152666552482 1.01051702164 1.50455500613 1.38900843005 1.02725552587 0.689842221666 0.442137078018 0.276024418868 0.168921392921 0.101757751664 0.0597699190913 0.0345719494978 0.0200052339859 0.0127836057397 0.0100276214577 0.00753960100703 0.00563998354455 0.00431738628743 0.00358768703200 0.00305927518248 0.00266008616876 0.00232179159890 0.00233307021734 0.00220678717226 0.00217758813586 0.00214015857709 0.00221979298285 0.00243207274589 0.00279092714155 0.00276613632694 0.00250580165250 0.00232369884819 0.00240570162058 0.00250751517503 0.00251672966318 0.00259293044784 0.00254693792223 0.00239674957565 0.00225229923417 0.00204291665510
# bar_r_devs:
 1.24920494943 1.18733301279 -0.0728342542043 1.27271397116 -0.567292154522 -1.37029428833 -0.412157941134 -1.09444471312 -0.973330152648 -0.630484849452 -0.570713874860 0.00485658842276 -0.369745606277 -0.286414454259 -0.323920610764 -0.223128260049 1.39321844109 -0.699752034103 0.812899176845 0.750665134187 0.353665174868 0.569956744930
# l_infty_devs:
 0.00000000000 0.00000000000 0.00000000000 0.00000000000 0.00000000000 0.00000000000 0.00000000000 0.00000000000 0.00000000000 0.00000000000 0.00000000000 0.00000000000 0.00000000000 0.00000000000 0.00000000000 0.00000000000 0.00000000000 0.00000000000 0.00000000000 0.00000000000 0.00000000000 0.00000000000
# bar_f_devs:
 -1.52524286616 -1.77332086965 -1.66859714680 -1.24741824915 -1.01555366482 -0.191552163564 0.366694602544 0.254836490448 1.05798413139 1.30150354844 1.35092956018 0.756265026836 0.331804527709 0.678163148079 0.647171675941 0.652043963103 0.400580286206 -0.0378622687219 -0.441339674695 0.102909942685
 -2.29004245345 -1.19333710853 -1.82395489072 -1.51197581654 -1.33327619845 -1.05549169006 0.206372998391 0.0698679759224 0.241486094459 0.327688704825 0.452461170189 0.970924774970 1.82361463271 0.736298517465 0.638400396980 0.284796541055 0.750634903213 -1.06408288988 -0.128376031751 -0.360731934052 1.41397630183 1.17391299475 1.67083300668
