# Number of parameters = 137  Objective function value = 6494.52  Maximum gradient component = 7595.65
# log_Ro:
5.26928694249
# h:
0.513860431189
# log_avg_rec:
7.22189736166
# log_rec_dev:
 0.897912773139 -0.108657643746 0.611272423467 0.719142116299 0.0414958680786 0.422252008910 0.730156365578 -1.13571031183 0.175480373696 0.649559517928 0.748607884956 0.102034468084 0.721820354463 0.958637719495 -0.783136399489 0.198354470105 0.179833842685 0.721939499053 0.801974490467 0.526256745223 0.609234221007 0.262462550204 0.892587328819 0.202833336897 0.673685427675 0.614170020596 0.354752403391 0.617446341352 -0.0178002841766 0.423752169698 0.507823047513 1.25936072890 0.915824348444 0.371124327819 0.710707652717 0.783009749571 0.827007109103 0.897063606689 0.924199273256 0.716966782002 0.675175563897 0.847873588547 -0.157215243493 0.857694613351 0.974264206727 0.599368777873 1.94684706754 1.69836738000 1.18621842586 1.16871104561 0.392256125858 0.387317449576 1.67629704961 1.10732365482 0.772409631521 0.765960410732 1.18752579535 1.34775750214 0.556391247982 1.15008842139 0.273455500682 -5.36339582699 -0.573571316658 -4.93404330996
# log_M:
-1.80584117401
# log_selh:
1.30125566589
# log_sels:
-0.176302348611
# init_log_rec_dev:
 0.00000000000 0.00000000000 0.00000000000 0.00000000000 0.00000000000 0.00000000000 0.00000000000 0.00000000000 0.00000000000 0.00000000000 0.00000000000 0.00000000000 0.00000000000 0.00000000000 0.00000000000 0.00000000000 0.00000000000 0.00000000000 0.00000000000 0.00000000000 0.00000000000 0.00000000000 0.00000000000 0.00000000000 0.00000000000 0.00000000000 0.00000000000
# log_Fbar:
-8.42694514330
# log_F_dev:
 1.92193099956 2.69365525820 2.93621184598 2.82795033630 2.54387572921 2.18958386773 2.17967881499 1.73407584072 1.51163718034 1.13849464930 1.64540990618 1.74507050154 2.48159992897 2.05135363375 1.65051620674 1.66367442931 1.78398775423 1.51106571995 1.51466291487 1.70167200865 2.16169057622 2.54175714144 2.18232050310 1.79388159800 1.81294227302 2.06757373994 1.88636008775 1.74474389689 1.82804975577 1.65459013396 1.88590586018 1.49975827810 1.31177527054 1.53914681528 1.79753443787 1.66566176578 1.31385125313 1.78781039228 1.70670806073 1.66265267771 1.76535828079 1.72803148530 1.74286751535 1.75831491114 1.62252897420 1.48182397982 1.49762802087 1.43791218878 1.23915414125 1.49822080338 1.73646296943 1.66902133865 1.62994521024 1.48044362175 1.60856805483 1.56780794900 1.63475156781 1.45471353007 1.39792010225 1.28624921984 1.24456905426 1.22396113195 1.08412934903 0.991253194704
# rho:
0.142234454890
# varphi:
0.359087086558
