# Number of parameters = 6  Objective function value = 936.058  Maximum gradient component = 0.000341003
# mu_linf:
386.650581390
# sd_linf:
44.2888073847
# k:
0.204489311113
# sig:
1.01675529390
# muA:
8.81953744272
# sigA:
0.643935739959
# A:
 1.43713147118 -0.965746701179 -1.24257911918 0.223148077147 0.499007894318 -1.52121759353 -0.578113196767 -0.255914864097 -0.0360399092445 -1.47957000852 -0.487906364159 0.752818403599 0.844535338644 0.111064032499 0.317695189337 0.370056736520 -1.98401776832 0.904663402346 0.677124020484 0.904053578689 -0.862770520803 0.731039741287 0.853700365114 0.896097416993 -1.08188174250 0.205939743410 0.954082593845 -1.11450379493 0.595979625984 0.750667141355 -0.974890730778 -1.58952597320 -0.863005375822 1.13445648634 0.0750536815106 0.517977522401 0.228289893914 -0.145056446519 0.906648528326 0.492942384934 1.92548144000 1.03394711164 0.379226923201 1.26400503185 -2.28529749656 -0.341322592920 0.209795168608 0.732390385944 -1.65279679059 0.472998694847 -0.337227053991 -0.961438253712 0.571264681975 0.232219171830 1.65619445711 -0.202753611035 -2.08317990065 -0.121578770605 0.227125590705 0.392445919046 -0.937520419971 -0.952868454053 -1.45111613298 -0.331799882402 0.912033773441 0.215126576765 0.885605120163 1.03400281771 -1.30425344212 0.0852097685733 0.590046486630 0.820357483377 0.832409553104 0.185191858338 -0.179230099040 -0.406469909206 0.164792194919 0.416891415118 0.955875112492 0.311550837825 0.576501686078 -1.00459879717 0.360618015837 0.338678484935 0.960175541786 1.60988117692 0.0821568254046 0.249974486720 -0.869057567233 -1.97267697130 0.746050592287 1.64451774591 -2.10205271456 -1.74052061426 -0.205376911421 0.485207057795 0.704508379223 -1.39282663975 -1.82964878773 0.257800507793 -1.80801195825 0.328215840167
