3061
1990 1 392 400 585 4.99
1990 1 353 360 486 5.26
1990 1 325 340 530 10.34
1990 1 372 383 528 7.61
1990 1 370 377 453 5.64
1990 1 390 384 500 -4.38
1990 1 382 384 550 1.33
1990 1 365 362 520 -2.11
1990 2 254 305 444 41.95
1990 2 269 296 444 22.21
1990 2 255 312 551 37.78
1990 2 178 230 426 44.58
1990 2 292 307 468 11.71
1990 2 234 268 461 26.94
1990 2 205 229 461 19.02
1990 2 218 242 396 22.14
1990 2 208 259 670 27.8
1990 2 211 251 485 30.12
1990 2 305 325 461 15.85
1990 2 384 382 664 -1.1
1990 2 250 312 710 31.9
1990 2 412 414 510 1.43
1990 2 361 370 453 7.26
1990 2 392 394 512 1.43
1990 2 156 213 467 44.58
1990 2 391 405 464 11.02
1990 2 354 366 710 6.17
1990 2 274 282 478 6.11
1990 2 396 406 538 6.79
1990 2 346 354 660 4.43
1990 2 316 333 463 13.41
1990 2 240 263 459 18.3
1990 2 325 330 726 2.52
1990 2 175 237 456 49.66
1990 2 211 264 513 37.74
1990 2 357 392 484 26.41
1990 2 215 262 545 31.5
1990 2 206 257 544 34.24
1990 2 337 350 449 10.58
1990 2 315 333 389 16.9
1990 2 280 294 697 7.34
1990 2 333 351 617 10.66
1990 2 369 374 447 4.09
1990 2 320 341 531 14.44
1990 2 334 351 723 8.59
1990 2 425 433 723 4.04
1990 2 223 282 470 45.85
1990 2 383 386 451 2.43
1990 2 172 235 444 51.83
1991 1 315 327 473 9.27
1991 1 403 406 470 2.33
1991 1 432 430 558 -1.31
1991 1 220 224 443 3.3
1991 1 326 335 468 7.02
1991 1 334 342 517 5.65
1991 1 329 345 420 13.91
1991 1 392 395 462 2.37
1991 1 316 326 386 9.46
1991 1 302 314 678 6.46
1991 1 340 354 614 8.33
1991 1 302 317 410 13.36
1991 1 390 388 413 -1.77
1991 1 340 363 417 20.15
1991 1 284 291 414 6.18
1991 1 308 340 415 28.16
1991 1 326 320 729 -3.01
1991 1 449 447 413 -1.77
1991 1 381 385 611 2.39
1991 1 310 334 463 18.93
1991 1 267 305 728 19.07
1991 1 272 285 382 12.43
1991 1 325 338 373 12.73
1991 1 396 395 727 -0.5
1991 1 396 395 635 -0.58
1991 1 388 393 726 2.52
1991 1 362 365 598 1.83
1991 1 355 355 603 0
1991 1 302 324 603 13.33
1991 1 439 442 638 1.72
1991 1 332 334 598 1.22
1991 1 364 364 602 0
1991 1 251 277 601 15.8
1991 1 345 350 599 3.05
1991 1 378 391 598 7.94
1991 1 193 200 479 5.34
1991 1 351 357 526 4.17
1991 1 425 434 674 4.88
1991 1 284 301 610 10.18
1991 1 335 335 585 0
1991 1 362 376 701 7.29
1991 1 384 384 543 0
1991 1 370 366 560 -2.61
1991 1 402 401 368 -0.99
1991 1 383 385 729 1
1991 1 360 369 634 5.18
1991 1 374 374 610 0
1991 1 423 425 433 1.69
1991 1 402 406 616 2.37
1991 2 224 247 390 21.54
1991 2 183 266 713 42.52
1991 2 174 197 710 11.83
1991 2 225 283 711 29.8
1991 2 199 252 492 39.35
1991 2 383 377 663 -3.31
1991 2 275 310 402 31.8
1991 2 365 378 662 7.17
1991 2 178 215 671 20.14
1991 2 193 245 653 29.09
1991 2 187 284 691 51.27
1991 2 324 342 691 9.51
1991 2 357 365 646 4.52
1991 2 265 273 391 7.47
1991 2 387 388 388 0.94
1991 2 250 288 649 21.39
1991 2 162 225 502 45.84
1991 2 162 213 384 48.51
1991 2 169 250 685 43.19
1991 2 235 259 385 22.77
1991 2 292 310 644 10.21
1991 2 175 220 410 40.09
1991 2 256 290 639 19.43
1991 2 235 253 408 16.11
1991 2 230 301 659 39.35
1991 2 195 237 379 40.48
1991 2 170 249 675 42.75
1991 2 371 380 697 4.72
1991 2 318 338 368 19.85
1991 2 162 253 398 83.51
1991 2 271 285 397 12.88
1991 2 257 286 728 14.55
1991 2 247 261 367 13.93
1991 2 396 401 697 2.62
1991 2 201 243 722 21.25
1991 2 166 209 367 42.79
1991 2 339 341 723 1.01
1991 2 182 234 392 48.45
1991 2 362 368 627 3.5
1991 2 178 241 484 47.54
1991 2 330 348 626 10.5
1991 2 363 365 691 1.06
1991 2 349 354 389 4.69
1991 2 292 311 508 13.66
1991 2 306 323 688 9.03
1991 2 381 390 623 5.28
1991 2 152 195 415 37.85
1991 2 242 282 618 23.64
1991 2 370 372 616 1.19
1991 2 155 220 684 34.71
1991 2 175 222 611 28.1
1991 2 347 350 612 1.79
1991 2 222 250 652 15.69
1991 2 315 327 652 6.72
1991 2 327 334 612 4.18
1991 2 360 361 653 0.56
1991 2 340 345 653 2.8
1991 2 316 327 710 5.66
1991 2 351 352 612 0.6
1991 2 330 340 629 5.81
1991 2 329 335 655 3.35
1991 2 322 321 653 -0.56
1991 2 242 265 651 12.9
1991 2 270 290 683 10.7
1991 2 245 298 681 28.43
1991 2 170 220 681 26.82
1991 2 160 216 675 30.3
1991 2 214 250 675 19.48
1991 2 231 280 677 26.44
1991 2 204 227 612 13.73
1991 2 370 354 608 -9.61
1991 2 384 395 711 5.65
1991 2 328 365 493 27.41
1991 2 330 332 374 1.95
1991 2 269 295 621 15.29
1991 2 235 259 438 20.01
1991 2 297 331 653 19.02
1991 2 295 328 647 18.63
1991 2 266 293 402 24.53
1991 2 296 330 471 26.37
1991 2 292 310 470 13.99
1991 2 323 337 647 7.9
1991 2 159 255 679 51.64
1991 2 182 229 676 25.39
1991 2 275 292 706 8.79
1991 2 227 248 407 18.85
1991 2 258 302 630 25.51
1991 2 165 204 704 20.23
1991 2 162 230 677 36.69
1991 2 372 368 706 -2.07
1991 2 332 346 706 7.24
1991 2 342 343 557 0.66
1991 2 297 309 590 7.43
1991 2 192 252 644 34.03
1991 2 168 228 674 32.51
1991 2 186 272 460 68.29
1991 2 283 342 489 44.07
1991 2 292 291 602 -0.61
1991 2 394 382 492 -8.91
1991 2 306 316 402 9.09
1991 2 282 300 607 10.83
1991 2 198 259 673 33.11
1991 2 171 220 666 26.87
1991 2 365 362 647 -1.69
1991 2 327 328 647 0.56
1991 2 178 240 490 46.22
1991 2 340 346 606 3.62
1991 2 330 339 371 8.86
1991 2 197 240 391 40.17
1991 2 224 279 662 30.35
1991 2 174 222 690 25.41
1991 2 164 202 607 22.87
1991 2 176 217 662 22.62
1991 2 158 220 690 32.82
1991 2 332 334 575 1.27
1991 2 326 352 613 15.49
1991 2 382 381 593 -0.62
1991 2 166 209 651 24.13
1991 2 173 226 657 29.46
1991 2 264 285 633 12.12
1991 2 211 286 662 41.38
1991 2 172 215 633 24.81
1991 2 172 225 631 30.68
1991 2 157 292 687 71.77
1991 2 288 315 659 14.96
1991 2 359 362 589 1.86
1991 2 237 272 475 26.91
1991 2 340 346 635 3.45
1991 2 316 323 662 3.86
1991 2 310 337 660 14.94
1991 2 155 196 670 22.35
1991 2 160 210 422 43.28
1991 2 209 278 425 59.3
1991 2 220 255 631 20.26
1991 2 226 270 607 26.48
1991 2 365 368 608 1.8
1991 2 441 444 417 2.63
1991 2 183 253 720 35.51
1991 2 351 353 603 1.21
1991 2 379 378 474 -0.77
1991 2 344 350 659 3.33
1991 2 340 349 718 4.58
1991 2 310 325 591 9.27
1991 2 371 372 590 0.62
1991 2 285 297 657 6.67
1991 2 303 309 660 3.32
1991 2 156 275 641 67.81
1991 2 249 302 722 26.81
1991 2 315 313 685 -1.07
1991 2 173 211 729 19.04
1991 2 162 205 450 34.9
1991 2 151 222 719 36.07
1991 2 351 350 656 -0.56
1991 2 420 413 641 -3.99
1991 2 361 356 590 -3.1
1991 2 206 207 683 0.53
1991 2 158 213 589 34.11
1991 2 173 225 685 27.73
1991 2 228 269 572 26.18
1991 2 244 280 383 34.33
1991 2 206 233 657 15.01
1991 2 161 222 447 49.84
1991 2 204 247 625 25.13
1991 2 280 316 628 20.94
1991 2 205 274 637 39.56
1991 2 240 282 381 40.26
1991 2 230 281 627 29.71
1991 2 175 207 606 19.29
1991 2 380 385 629 2.9
1991 2 153 227 684 39.52
1991 2 185 222 652 20.73
1991 2 230 262 714 16.37
1991 2 280 310 714 15.35
1991 2 177 224 382 44.94
1991 2 152 198 721 23.3
1991 2 306 322 685 8.53
1991 2 354 354 652 0
1991 2 207 219 413 10.61
1991 2 276 296 651 11.22
1991 2 306 329 653 12.86
1991 2 184 245 379 58.79
1991 2 158 217 652 33.05
1991 2 180 245 445 53.35
1991 2 387 393 587 3.73
1991 2 167 229 440 51.47
1991 2 237 250 412 11.52
1991 2 301 312 623 6.45
1991 2 372 374 685 1.07
1991 2 418 425 472 5.42
1991 2 205 277 609 43.18
1991 2 151 248 649 54.59
1991 2 186 229 642 24.46
1991 2 154 207 460 42.08
1991 2 312 312 592 0
1991 2 286 321 571 22.39
1991 2 356 361 639 2.86
1991 2 172 220 608 28.84
1991 2 209 243 633 19.62
1991 2 178 230 730 26.02
1991 2 267 280 620 7.66
1991 2 163 202 700 20.35
1991 2 250 260 395 9.25
1991 2 301 321 661 11.05
1991 2 308 335 724 13.62
1991 2 321 337 724 8.07
1991 2 287 361 611 44.24
1991 2 321 332 698 5.76
1991 2 249 276 730 13.51
1991 2 225 252 586 16.83
1991 2 200 260 428 51.2
1991 2 209 321 724 56.5
1991 2 281 292 588 6.83
1991 2 235 275 694 21.05
1991 2 181 230 607 29.48
1991 2 252 282 567 19.33
1991 2 248 275 395 24.97
1991 2 157 231 664 40.71
1991 2 402 406 567 2.58
1991 2 295 306 608 6.61
1991 2 155 213 574 36.91
1991 2 277 295 631 10.42
1991 2 212 269 720 28.92
1991 2 416 412 540 -2.71
1991 2 195 241 695 24.17
1991 2 170 223 561 34.51
1991 2 218 279 615 36.23
1991 2 218 247 574 18.45
1991 2 365 360 423 -4.32
1991 2 318 342 661 13.26
1991 2 390 394 419 3.49
1991 2 229 247 448 14.68
1991 2 228 283 390 51.51
1991 2 187 215 447 22.88
1991 2 370 372 697 1.05
1991 2 254 278 543 16.14
1991 2 271 337 719 33.53
1991 2 271 305 718 17.3
1991 2 220 292 511 51.46
1991 2 285 307 691 11.63
1991 2 284 311 564 17.49
1991 2 382 380 452 -1.62
1991 2 206 270 658 35.53
1991 2 312 345 447 26.96
1991 2 322 330 718 4.07
1991 2 206 265 560 38.48
1991 2 362 355 520 -4.92
1991 2 166 217 696 26.76
1991 2 329 342 580 8.19
1991 2 354 360 697 3.14
1991 2 274 320 668 25.15
1991 2 303 331 696 14.69
1991 2 236 290 400 49.31
1991 2 349 358 695 4.73
1991 2 195 251 369 55.43
1991 2 356 366 694 5.26
1991 2 157 210 698 27.73
1991 2 359 358 538 -0.68
1991 2 336 334 555 -1.32
1991 2 322 335 537 8.84
1991 2 335 344 692 4.75
1991 2 322 330 536 5.45
1991 2 408 409 600 0.61
1991 2 364 370 515 4.26
1991 2 254 278 605 14.49
1991 2 280 318 419 33.13
1991 2 222 290 689 36.05
1991 2 200 238 630 22.03
1991 2 275 298 574 14.64
1991 2 160 243 691 43.87
1991 2 212 266 626 31.51
1991 2 196 237 511 29.31
1991 2 314 352 571 24.31
1991 2 299 309 687 5.32
1991 2 222 267 531 30.95
1991 2 207 247 687 21.27
1991 2 257 262 687 2.66
1991 2 280 299 506 13.71
1991 2 330 364 686 18.1
1991 2 180 221 645 23.22
1991 2 168 212 583 27.57
1991 2 153 240 399 79.64
1991 2 169 203 671 18.51
1991 2 270 310 692 21.11
1991 2 161 228 527 46.44
1991 2 232 262 509 21.53
1991 2 159 246 663 47.93
1991 2 207 269 368 61.54
1991 2 151 167 664 8.8
1991 2 194 292 728 49.17
1991 2 177 267 639 51.44
1991 2 151 260 664 59.96
1991 2 165 242 631 44.57
1991 2 180 250 599 42.68
1991 2 180 270 662 49.66
1991 2 394 395 552 0.66
1991 2 240 269 640 16.55
1991 2 210 254 532 30.21
1991 2 180 242 551 41.1
1991 2 182 235 548 35.33
1991 2 163 258 675 51.41
1991 2 300 321 609 12.59
1991 2 212 259 548 31.33
1991 2 149 205 449 45.55
1991 2 358 356 545 -1.34
1991 2 167 182 444 12.34
1992 1 372 379 419 6.1
1992 1 152 151 487 -0.75
1992 1 350 353 428 2.56
1992 1 412 410 431 -1.69
1992 1 346 342 434 -3.37
1992 1 176 211 492 25.98
1992 1 316 320 429 3.41
1992 1 245 250 372 4.91
1992 1 239 270 408 27.75
1992 1 390 401 494 8.13
1992 1 389 395 370 5.92
1992 1 332 356 432 20.29
1992 1 387 402 397 13.8
1992 1 205 237 661 17.68
1992 1 377 377 643 0
1992 1 409 411 553 1.32
1992 1 382 380 585 -1.25
1992 1 355 356 469 0.78
1992 1 215 245 541 20.25
1992 1 162 195 614 19.63
1992 2 346 349 489 2.24
1992 2 357 350 551 -4.64
1992 2 376 379 438 2.5
1992 2 397 396 704 -0.52
1992 2 398 402 699 2.09
1992 2 410 412 424 1.72
1992 2 358 355 523 -2.1
1992 2 327 337 463 7.89
1992 2 379 385 647 3.39
1992 2 304 310 575 3.81
1992 2 379 385 456 4.81
1992 2 387 393 419 5.23
1992 2 359 364 420 4.35
1992 2 404 404 458 0
1992 2 410 417 519 4.93
1992 2 305 328 518 16.22
1992 2 374 381 547 4.67
1992 2 367 369 390 1.87
1992 2 378 379 457 0.8
1992 2 356 355 614 -0.59
1992 2 346 348 430 1.7
1992 2 344 343 430 -0.85
1992 2 372 378 486 4.51
1992 2 350 351 460 0.79
1992 2 395 395 390 0
1992 2 407 415 730 4
1992 2 367 369 727 1
1992 2 362 362 427 0
1992 2 341 347 389 5.63
1992 2 332 345 387 12.27
1992 2 394 385 579 -5.68
1992 2 369 375 487 4.5
1992 2 393 395 387 1.89
1992 2 360 361 486 0.75
1992 2 325 344 515 13.48
1992 2 331 335 384 3.8
1992 2 378 370 486 -6.01
1992 2 450 456 663 3.31
1992 2 315 334 521 13.32
1992 2 375 381 423 5.18
1992 2 355 359 430 3.4
1992 2 370 370 516 0
1992 2 324 338 386 13.25
1992 2 320 330 380 9.61
1992 2 288 290 386 1.89
1992 2 319 325 385 5.69
1992 2 286 313 666 14.81
1992 2 287 307 453 16.13
1992 2 361 361 724 0
1992 2 360 356 426 -3.43
1992 2 346 350 450 3.25
1992 2 326 343 576 10.78
1992 2 369 365 480 -3.04
1992 2 327 325 418 -1.75
1992 2 318 323 410 4.45
1992 2 349 359 466 7.84
1992 2 255 276 389 19.72
1992 2 339 335 406 -3.6
1992 2 378 380 525 1.39
1992 2 156 217 556 40.07
1992 2 324 346 496 16.2
1992 2 316 315 366 -1
1992 2 362 370 710 4.12
1992 2 297 303 386 5.68
1992 2 194 222 429 23.84
1992 2 311 319 428 6.83
1992 2 250 265 709 7.73
1992 2 161 241 516 56.63
1992 2 379 380 458 0.8
1992 2 403 403 460 0
1992 2 374 376 673 1.09
1992 2 358 359 455 0.8
1992 2 391 389 429 -1.7
1992 2 271 280 389 8.45
1992 2 211 243 416 28.1
1992 2 281 293 501 8.75
1992 2 392 400 658 4.44
1992 2 394 395 475 0.77
1992 2 210 264 416 47.41
1992 2 376 376 388 0
1992 2 203 239 443 29.68
1992 2 355 354 393 -0.93
1992 2 256 292 379 34.69
1992 2 234 264 438 25.02
1992 2 262 285 414 20.29
1992 2 321 327 438 5
1992 2 354 367 687 6.91
1992 2 354 361 476 5.37
1992 2 373 372 407 -0.9
1992 2 339 343 534 2.74
1992 2 354 360 620 3.53
1992 2 320 326 477 4.59
1992 2 303 314 411 9.78
1992 2 370 372 386 1.89
1992 2 385 386 716 0.51
1992 2 355 359 411 3.55
1992 2 384 388 716 2.04
1992 2 340 340 407 0
1992 2 251 255 436 3.35
1992 2 246 273 410 24.05
1992 2 380 382 409 1.79
1992 2 334 348 385 13.28
1992 2 448 445 405 -2.71
1992 2 305 324 416 16.68
1992 2 420 422 652 1.12
1992 2 348 348 439 0
1992 2 334 352 688 9.56
1992 2 301 338 497 27.19
1992 2 364 365 384 0.95
1992 2 180 205 411 22.22
1992 2 356 350 438 -5
1992 2 230 270 470 31.09
1992 2 321 332 471 8.53
1992 2 270 275 685 2.67
1992 2 339 348 715 4.6
1992 2 229 252 382 21.99
1992 2 315 337 619 12.98
1992 2 370 376 679 3.23
1992 2 352 343 431 -7.63
1992 2 231 256 376 24.29
1992 2 360 372 528 8.3
1992 2 398 407 494 6.65
1992 2 271 288 403 15.41
1992 2 365 366 432 0.85
1992 2 158 202 416 38.63
1992 2 370 369 449 -0.81
1992 2 389 386 724 -1.51
1992 2 383 387 568 2.57
1992 2 405 404 660 -0.55
1992 2 320 325 728 2.51
1992 2 391 383 694 -4.21
1992 2 378 387 420 7.83
1992 2 404 399 415 -4.4
1992 2 341 344 389 2.82
1992 2 356 375 727 9.55
1992 2 252 296 475 33.83
1992 2 240 270 726 15.09
1992 2 359 375 695 8.41
1992 2 343 355 447 9.81
1992 2 300 324 414 21.17
1992 2 359 358 418 -0.87
1992 2 364 365 722 0.51
1992 2 366 375 566 5.81
1992 2 320 325 388 4.71
1992 2 382 380 599 -1.22
1992 2 371 370 447 -0.82
1992 2 222 262 692 21.11
1992 2 234 255 385 19.92
1992 2 363 365 722 1.01
1992 2 260 301 446 33.58
1992 2 264 275 401 10.02
1992 2 424 426 385 1.9
1992 2 326 329 387 2.83
1992 2 280 301 720 10.65
1992 2 290 336 415 40.49
1992 2 395 404 448 7.34
1992 2 403 432 367 28.86
1992 2 368 370 416 1.76
1992 2 212 278 478 50.43
1992 2 413 414 413 0.88
1992 2 385 389 663 2.2
1992 2 184 293 509 78.22
1992 2 243 270 695 14.19
1992 2 235 270 413 30.95
1992 2 264 295 411 27.55
1992 2 262 286 724 12.11
1992 2 231 249 384 17.12
1992 2 407 403 693 -2.11
1992 2 175 237 473 47.88
1992 2 174 214 382 38.25
1992 2 353 360 413 6.19
1992 2 344 369 410 22.27
1992 2 341 350 409 8.04
1992 2 236 266 689 15.9
1992 2 351 369 661 9.95
1992 2 242 287 442 37.19
1992 2 173 243 408 62.67
1992 2 397 395 658 -1.11
1992 2 340 345 376 4.86
1992 2 205 237 380 30.76
1992 2 210 264 716 27.55
1992 2 356 362 687 3.19
1992 2 274 293 385 18.03
1992 2 343 344 385 0.95
1992 2 161 210 435 41.14
1992 2 179 282 392 95.97
1992 2 194 258 512 45.66
1992 2 383 390 727 3.52
1992 2 150 215 567 41.87
1992 2 460 461 631 0.58
1992 2 245 275 694 15.79
1992 2 345 350 535 3.41
1992 2 225 244 387 17.93
1992 2 305 316 695 5.78
1992 2 178 231 450 43.02
1992 2 215 262 444 38.66
1992 2 262 323 718 31.03
1992 2 207 220 661 7.18
1992 2 180 252 692 38
1992 2 205 256 469 39.72
1992 2 236 268 646 18.09
1992 2 216 250 671 18.51
1992 2 314 321 696 3.67
1992 2 196 261 491 48.35
1992 2 215 226 698 5.76
1992 2 197 228 696 16.27
1992 2 244 279 699 18.29
1992 2 189 252 488 47.15
1992 2 222 281 638 33.78
1992 2 206 232 640 14.84
1992 2 232 263 391 28.96
1992 2 185 251 667 36.14
1992 2 153 227 397 68.08
1992 2 308 327 455 15.25
1992 2 271 288 671 9.25
1992 2 191 243 423 44.9
1992 2 225 255 424 25.84
1992 2 205 271 484 49.81
1992 2 223 280 425 48.99
1992 2 223 280 459 45.36
1992 2 181 230 699 25.6
1992 2 371 375 538 2.72
1992 2 182 249 452 54.14
1992 2 165 239 640 42.23
1992 2 157 225 418 59.42
1992 2 413 405 668 -4.37
1992 2 262 280 665 9.89
1992 2 150 200 669 27.3
1992 2 200 254 421 46.85
1992 2 157 232 422 64.91
1992 2 285 299 390 13.11
1992 2 162 208 666 25.23
1992 2 230 337 696 56.15
1992 2 319 332 698 6.8
1992 2 320 345 664 13.75
1992 2 215 240 389 23.47
1992 2 158 235 423 66.49
1992 2 181 232 420 44.35
1992 2 350 355 393 4.65
1992 2 222 290 729 34.07
1992 2 188 221 421 28.63
1992 2 205 270 483 49.15
1992 2 232 245 662 7.17
1992 2 185 238 388 49.89
1992 2 239 285 667 25.19
1992 2 180 245 693 34.26
1992 2 266 279 693 6.85
1992 2 161 266 693 55.34
1992 2 165 254 539 60.31
1992 2 156 218 415 54.57
1992 2 160 211 415 44.89
1992 2 169 240 414 62.64
1992 2 152 223 392 66.15
1992 2 150 228 414 68.82
1992 2 268 282 413 12.38
1992 2 197 231 411 30.22
1992 2 224 258 667 18.62
1992 2 180 254 431 62.71
1992 2 163 195 729 16.03
1992 2 263 294 642 17.64
1992 2 291 330 390 36.52
1992 2 265 320 696 28.86
1992 2 168 237 698 36.11
1992 2 208 264 389 52.58
1992 2 278 290 660 6.64
1992 2 164 192 631 16.21
1992 2 279 295 611 9.56
1992 2 195 260 487 48.75
1992 2 309 319 637 5.73
1992 2 328 345 604 10.28
1992 2 184 225 387 38.7
1992 2 164 236 575 45.74
1992 2 169 238 566 44.53
1992 2 167 217 548 33.33
1992 2 157 225 607 40.92
1992 2 185 205 577 12.66
1992 2 150 202 673 28.22
1992 2 225 262 576 23.46
1992 2 157 225 615 40.39
1992 2 160 277 459 93.1
1992 2 415 417 396 1.84
1992 2 404 404 369 0
1992 2 323 331 573 5.1
1992 2 194 235 523 28.63
1992 2 185 215 395 27.74
1992 2 153 230 573 49.08
1992 2 165 204 551 25.85
1992 2 186 261 546 50.17
1992 2 173 209 390 33.72
1992 2 165 223 664 31.9
1992 2 160 210 573 31.87
1992 2 230 287 664 31.35
1992 2 152 252 486 75.15
1992 2 156 244 701 45.85
1992 2 164 208 486 33.07
1992 2 153 241 601 53.48
1992 2 220 260 573 25.5
1992 2 159 283 663 68.31
1992 2 152 209 547 38.06
1992 2 152 177 486 18.79
1992 2 184 210 546 17.39
1992 2 186 256 723 35.36
1992 2 384 390 550 3.98
1992 2 152 183 398 28.45
1992 2 152 181 610 17.36
1992 2 175 251 704 39.43
1992 2 396 397 425 0.86
1992 2 368 367 390 -0.94
1992 2 235 260 673 13.57
1992 2 354 345 546 -6.02
1993 1 244 242 457 -1.6
1993 1 355 352 448 -2.45
1993 1 295 288 420 -6.09
1993 1 200 213 367 12.94
1993 1 205 205 458 0
1993 1 365 360 701 -2.61
1993 1 256 257 683 0.53
1993 1 357 363 655 3.35
1993 1 200 217 648 9.58
1993 1 322 320 676 -1.08
1993 1 415 420 398 4.59
1993 1 421 422 550 0.66
1993 1 375 380 457 4
1993 2 365 354 703 -5.72
1993 2 309 318 704 4.67
1993 2 367 366 726 -0.5
1993 2 331 335 498 2.93
1993 2 247 282 711 17.98
1993 2 265 296 432 26.21
1993 2 346 348 643 1.14
1993 2 366 368 680 1.07
1993 2 355 353 374 -1.95
1993 2 152 228 435 63.81
1993 2 325 321 680 -2.15
1993 2 296 293 431 -2.54
1993 2 274 285 374 10.74
1993 2 376 376 409 0
1993 2 332 337 374 4.88
1993 2 170 244 498 54.27
1993 2 331 344 408 11.64
1993 2 364 368 709 2.06
1993 2 367 378 435 9.24
1993 2 350 448 704 50.84
1993 2 375 377 405 1.8
1993 2 375 383 702 4.16
1993 2 274 333 465 46.34
1993 2 394 395 709 0.52
1993 2 368 363 404 -4.52
1993 2 415 415 434 0
1993 2 410 412 640 1.14
1993 2 357 362 432 4.23
1993 2 393 389 676 -2.16
1993 2 319 320 407 0.9
1993 2 302 313 708 5.67
1993 2 380 393 399 11.9
1993 2 431 433 701 1.04
1993 2 344 339 388 -4.71
1993 2 274 290 390 14.98
1993 2 228 266 482 28.8
1993 2 153 201 455 38.53
1993 2 164 231 572 42.78
1993 2 350 352 665 1.1
1993 2 167 189 415 19.36
1993 2 174 222 501 34.99
1993 2 222 241 413 16.8
1993 2 260 310 411 44.43
1993 2 195 237 475 32.3
1993 2 295 323 384 26.63
1993 2 229 248 367 18.91
1993 2 215 250 691 18.5
1993 2 152 188 550 23.91
1993 2 307 320 672 7.07
1993 2 265 265 367 0
1993 2 193 237 573 28.05
1993 2 296 303 727 3.52
1993 2 172 270 426 84.02
1993 2 272 296 368 23.82
1993 2 400 394 366 -5.99
1993 2 155 206 570 32.68
1993 2 252 262 709 5.15
1993 2 270 279 393 8.36
1993 2 149 198 424 42.21
1993 2 317 323 393 5.58
1993 2 190 251 544 40.96
1993 2 136 190 484 40.75
1993 2 159 257 570 62.8
1993 2 223 250 394 25.03
1993 2 327 328 383 0.95
1993 2 157 200 456 34.44
1993 2 229 243 392 13.04
1993 2 348 356 703 4.16
1993 2 344 348 727 2.01
1993 2 156 214 705 30.05
1993 2 375 370 728 -2.51
1993 2 156 209 485 39.91
1993 2 152 229 483 58.23
1993 2 258 279 429 17.88
1993 2 387 395 665 4.39
1993 2 423 418 637 -2.87
1993 2 160 216 547 37.39
1993 2 223 268 662 24.83
1993 2 230 265 681 18.77
1993 2 275 289 392 13.04
1993 2 319 330 729 5.51
1993 2 157 230 709 37.61
1993 2 153 220 541 45.23
1993 2 422 415 715 -3.58
1993 2 175 233 382 55.46
1993 2 407 400 654 -3.91
1993 2 151 226 558 49.09
1993 2 175 228 537 36.05
1993 2 196 259 595 38.67
1993 2 161 224 655 35.13
1993 2 154 191 377 35.85
1993 2 180 220 414 35.29
1993 2 158 176 694 9.47
1993 2 175 241 533 45.23
1993 2 197 231 378 32.85
1993 2 279 300 715 10.73
1993 2 192 200 706 4.14
1993 2 152 221 501 50.3
1993 2 161 205 666 24.13
1993 2 376 371 372 -4.91
1993 2 160 173 367 12.94
1993 2 158 174 460 12.7
1993 2 158 194 371 35.44
1993 2 190 235 396 41.51
1993 2 388 390 613 1.19
1993 2 390 393 707 1.55
1993 2 136 173 430 31.43
1993 2 152 191 404 35.26
1993 2 150 190 701 20.84
1993 2 160 194 370 33.56
1993 2 170 238 638 38.93
1993 2 150 234 684 44.86
1993 2 195 234 686 20.76
1993 2 172 217 456 36.04
1993 2 322 327 730 2.5
1993 2 176 208 541 21.6
1993 2 157 178 404 18.99
1993 2 154 202 640 27.39
1993 2 154 197 518 30.32
1993 2 172 209 544 24.84
1993 2 151 200 370 48.37
1993 2 153 222 725 34.76
1993 2 163 210 459 37.4
1993 2 380 381 615 0.59
1993 2 379 380 685 0.53
1993 2 170 195 405 22.55
1993 2 166 245 659 43.79
1993 2 145 215 613 41.71
1993 2 155 185 459 23.87
1993 2 227 245 658 9.99
1993 2 315 321 684 3.2
1993 2 324 332 366 7.98
1993 2 170 212 369 41.57
1993 2 190 215 705 12.95
1993 2 235 253 430 15.29
1993 2 175 215 458 31.9
1993 2 151 215 611 38.26
1993 2 170 222 399 47.6
1993 2 176 225 639 28.01
1993 2 161 181 460 15.88
1993 2 160 192 579 20.19
1993 2 157 178 402 19.08
1993 2 421 421 704 0
1993 2 211 247 704 18.68
1993 2 184 225 697 21.49
1993 2 172 222 430 42.47
1993 2 174 237 541 42.53
1993 2 175 225 428 42.67
1993 2 150 201 494 37.71
1993 2 155 208 578 33.49
1993 2 153 254 609 60.58
1993 2 165 197 540 21.64
1993 2 160 213 519 37.3
1993 2 175 224 427 41.91
1993 2 155 185 423 25.9
1993 2 360 361 608 0.6
1993 2 159 184 453 20.16
1993 2 155 196 429 34.91
1993 2 156 177 400 19.18
1993 2 161 208 576 29.8
1993 2 345 347 696 1.05
1993 2 399 402 702 1.56
1993 2 334 333 702 -0.52
1993 2 248 273 698 13.08
1993 2 154 230 694 40
1993 2 377 383 489 4.48
1993 2 172 218 699 24.04
1993 2 155 212 513 40.58
1993 2 268 286 723 9.09
1993 2 154 180 450 21.1
1993 2 172 210 400 34.7
1993 2 158 224 491 49.1
1993 2 156 218 540 41.94
1993 2 187 266 513 56.25
1993 2 195 213 680 9.67
1993 2 160 202 491 31.24
1993 2 191 220 695 15.24
1993 2 384 382 680 -1.07
1993 2 185 236 453 41.12
1993 2 162 217 492 40.83
1993 2 192 241 520 34.42
1993 2 180 219 401 35.52
1993 2 161 181 399 18.31
1993 2 152 191 388 36.71
1993 2 187 230 400 39.26
1993 2 174 233 398 54.15
1993 2 194 234 456 32.04
1993 2 195 245 539 33.88
1993 2 262 299 540 25.03
1993 2 230 243 701 6.77
1993 2 182 211 398 26.61
1993 2 152 217 606 39.18
1993 2 183 200 670 9.27
1993 2 161 180 690 10.06
1993 2 188 220 668 17.5
1993 2 245 274 716 14.79
1993 2 202 225 687 12.23
1993 2 190 230 711 20.55
1993 2 187 215 466 21.95
1993 2 151 223 495 53.13
1993 2 172 201 467 22.68
1993 2 151 195 467 34.41
1993 2 164 180 400 14.61
1993 2 172 225 710 27.27
1993 2 172 218 711 23.63
1993 2 171 210 494 28.84
1993 2 184 230 464 36.21
1993 2 156 230 708 38.18
1993 2 190 269 547 52.75
1993 2 180 242 403 56.19
1993 2 152 227 512 53.5
1993 2 155 195 404 36.16
1993 2 177 198 403 19.03
1993 2 164 225 466 47.81
1993 2 150 200 513 35.6
1993 2 435 435 708 0
1993 2 210 261 488 38.17
1993 2 162 195 432 27.9
1993 2 162 198 373 35.25
1993 2 150 195 614 26.77
1993 2 172 205 402 29.98
1993 2 280 292 710 6.17
1993 2 157 187 464 23.62
1993 2 156 212 514 39.79
1993 2 159 177 398 16.52
1993 2 153 194 427 35.07
1993 2 202 229 676 14.59
1993 2 178 202 374 23.44
1993 2 170 197 400 24.65
1993 2 240 251 374 10.74
1993 2 153 176 373 22.52
1993 2 164 202 515 26.95
1993 2 180 217 513 26.34
1993 2 176 200 373 23.5
1993 2 155 180 373 24.48
1993 2 161 198 648 20.86
1993 2 167 215 546 32.11
1993 2 167 198 632 17.92
1993 2 160 172 396 11.07
1993 2 156 165 373 8.81
1993 2 200 232 401 29.15
1993 2 423 424 369 0.99
1993 2 173 192 372 18.66
1993 2 173 225 654 29.04
1993 2 171 207 369 35.63
1993 2 150 178 489 20.91
1993 2 164 210 374 44.92
1993 2 182 205 513 16.38
1993 2 159 213 675 29.22
1993 2 156 196 652 22.41
1993 2 156 196 675 21.64
1993 2 227 245 672 9.78
1993 2 162 188 374 25.39
1993 2 169 227 429 49.38
1993 2 153 185 400 29.22
1993 2 165 209 371 43.32
1993 2 153 199 512 32.82
1993 2 168 238 395 64.73
1993 2 178 214 610 21.56
1993 2 189 230 483 31
1993 2 159 189 675 16.23
1993 2 245 255 394 9.27
1993 2 195 223 645 15.86
1993 2 152 196 619 25.96
1993 2 185 263 430 66.25
1993 2 177 240 463 49.7
1993 2 167 218 675 27.6
1993 2 172 197 367 24.88
1993 2 155 169 460 11.12
1993 2 190 240 455 40.14
1993 2 178 226 666 26.32
1993 2 204 247 703 22.34
1993 2 185 237 478 39.73
1993 2 170 235 478 49.67
1993 2 245 261 637 9.17
1993 2 170 224 667 29.57
1993 2 190 215 395 23.12
1993 2 171 185 461 11.09
1993 2 214 250 638 20.61
1993 2 298 325 700 14.09
1993 2 281 285 427 3.42
1993 2 168 193 396 23.06
1993 2 190 219 673 15.74
1993 2 156 172 478 12.23
1993 2 176 209 674 17.88
1993 2 176 185 396 8.3
1993 2 163 184 432 17.76
1993 2 180 190 475 7.69
1993 2 392 398 635 3.45
1993 2 410 407 667 -1.64
1993 2 357 360 666 1.65
1993 2 152 180 674 15.17
1993 2 166 181 366 14.97
1993 2 189 225 477 27.57
1993 2 152 161 387 8.49
1993 2 166 174 429 6.81
1993 2 195 257 548 41.32
1993 2 156 173 389 15.96
1993 2 347 349 633 1.15
1993 2 161 194 650 18.54
1993 2 154 190 451 29.16
1993 2 209 230 407 18.85
1993 2 190 214 431 20.34
1993 2 201 258 428 48.64
1993 2 205 223 642 10.24
1993 2 199 245 649 25.89
1993 2 309 300 594 -5.53
1993 2 154 177 647 12.98
1993 2 153 169 624 9.37
1993 2 265 280 674 8.13
1993 2 185 214 451 23.49
1993 2 160 204 649 24.76
1993 2 189 216 646 15.27
1993 2 228 284 612 33.42
1993 2 234 240 547 4.01
1993 2 215 238 430 19.54
1993 2 161 185 430 20.39
1993 2 184 190 675 3.25
1993 2 170 198 648 15.78
1993 2 170 188 368 17.87
1993 2 208 255 649 26.45
1993 2 150 182 621 18.82
1993 2 173 208 427 29.94
1993 2 371 366 613 -2.98
1993 2 172 220 626 28.01
1993 2 236 242 612 3.58
1993 2 230 255 426 21.43
1993 2 209 235 427 22.24
1993 2 172 182 449 8.13
1993 2 175 214 608 23.43
1993 2 167 197 401 27.33
1993 2 181 203 400 20.09
1993 2 184 211 449 21.96
1993 2 200 222 429 18.73
1993 2 177 213 611 21.52
1993 2 193 212 422 16.44
1993 2 149 170 442 17.35
1993 2 175 191 400 14.61
1993 2 196 223 448 22.01
1993 2 167 217 617 29.6
1993 2 192 197 413 4.42
1993 2 225 273 391 44.84
1993 2 281 287 610 3.59
1993 2 194 195 418 0.87
1993 2 205 216 554 7.25
1993 2 204 227 390 21.54
1993 2 170 195 607 15.04
1993 2 157 178 611 12.55
1993 2 211 229 548 12
1993 2 220 246 419 22.66
1993 2 191 211 549 13.31
1993 2 163 204 608 24.63
1993 2 197 226 386 27.44
1993 2 167 204 548 24.66
1993 2 186 210 523 16.76
1993 2 188 210 525 15.31
1993 2 203 205 587 1.24
1993 2 202 225 585 14.36
1993 2 178 217 552 25.81
1993 2 182 190 430 6.8
1993 2 158 175 515 12.06
1993 2 167 195 524 19.52
1993 2 162 190 527 19.41
1994 2 182 190 498 5.87
1994 2 457 456 392 -0.93
1994 2 404 404 368 0
1994 2 179 227 494 35.49
1994 2 195 221 488 19.46
1994 2 170 197 455 21.67
1994 2 170 201 517 21.9
1994 2 183 220 517 26.14
1994 2 413 416 407 2.69
1994 2 391 380 485 -8.28
1994 2 356 353 383 -2.86
1994 2 405 410 424 4.31
1994 2 381 380 404 -0.9
1994 2 333 330 399 -2.75
1994 2 198 219 430 17.84
1994 2 357 354 399 -2.75
1994 2 298 300 391 1.87
1994 2 236 253 392 15.84
1994 2 390 392 416 1.76
1994 2 207 208 426 0.86
1994 2 350 354 410 3.56
1994 2 398 405 390 6.56
1994 2 203 213 373 9.79
1994 2 183 202 392 17.7
1994 2 230 250 406 17.99
1994 2 294 305 366 10.98
1994 2 254 275 399 19.22
1994 2 148 171 427 19.67
1994 2 266 270 366 3.99
1994 2 190 210 428 17.07
1994 2 227 227 366 0
1994 2 182 195 426 11.15
1994 2 150 173 716 11.73
1994 2 184 186 400 1.83
1994 2 297 310 373 12.73
1994 2 226 249 371 22.64
1994 2 217 245 372 27.49
1995 2 335 335 385 0
1995 2 345 345 432 0
1995 2 379 401 513 15.66
1995 2 354 348 366 -5.99
1995 2 381 379 366 -2
1996 1 206 207 719 0.51
1996 2 168 196 379 26.98
1996 2 206 253 700 24.52
1997 2 191 209 368 17.87
1997 2 152 175 367 22.89
1998 2 250 293 522 30.09
1998 2 170 204 367 33.84
1999 2 180 214 407 30.51
1999 2 114 187 405 65.84
1999 2 113 184 524 49.49
1999 2 155 178 403 20.85
1999 2 201 271 564 45.33
1999 2 111 155 591 27.19
1999 2 102 177 590 46.43
1999 2 116 220 709 53.58
1999 2 219 274 707 28.41
1999 2 118 180 587 38.58
1999 2 136 215 706 40.87
1999 2 194 219 383 23.84
1999 2 140 186 584 28.77
1999 2 118 158 547 26.71
1999 2 149 205 549 37.26
1999 2 218 260 382 40.16
1999 2 160 201 382 39.2
2000 1 235 254 482 14.4
2000 2 284 285 417 0.88
2000 2 285 287 379 1.93
2000 2 245 249 382 3.82
2000 2 169 199 419 26.15
2000 2 190 233 572 27.46
2000 2 325 329 535 2.73
2000 2 222 230 420 6.96
2000 2 288 283 415 -4.4
2000 2 160 185 416 21.95
2000 2 167 212 418 39.32
2000 2 193 256 574 40.09
2000 2 279 287 532 5.49
2000 2 272 294 569 14.12
2000 2 259 260 417 0.88
2000 2 325 323 414 -1.76
2000 2 229 260 416 27.22
2000 2 169 190 418 18.35
2000 2 189 217 419 24.41
2000 2 255 259 531 2.75
2000 2 235 258 379 22.17
2000 2 215 220 565 3.23
2000 2 167 202 535 23.89
2000 2 165 253 529 60.76
2000 2 185 213 563 18.17
2000 2 220 236 565 10.34
2000 2 192 234 529 29
2000 2 193 219 412 23.05
2000 2 265 280 410 13.36
2000 2 268 284 564 10.36
2000 2 175 202 377 26.16
2000 2 227 243 417 14.01
2000 2 233 270 529 25.55
2000 2 240 243 563 1.95
2000 2 172 199 414 23.82
2000 2 160 191 568 19.93
2000 2 180 214 530 23.43
2000 2 151 162 414 9.7
2000 2 225 275 533 34.26
2000 2 211 237 495 19.18
2000 2 190 208 564 11.66
2000 2 151 236 565 54.95
2000 2 180 208 376 27.2
2000 2 158 205 527 32.57
2000 2 156 225 522 48.28
2000 2 200 218 369 17.82
2000 2 232 263 521 21.73
2000 2 142 173 367 30.85
2000 2 256 272 521 11.22
2000 2 134 209 526 52.08
2000 2 160 239 522 55.28
2000 2 215 225 374 9.77
2000 2 245 248 366 2.99
2000 2 211 234 521 16.12
2000 2 127 187 523 41.9
2000 2 197 230 523 23.05
2000 2 208 240 485 24.1
2000 2 159 215 489 41.83
2000 2 121 175 520 37.93
2000 2 172 214 479 32.03
2000 2 238 260 671 11.98
2000 2 142 185 401 39.17
2000 2 129 160 402 28.17
2000 2 195 231 398 33.04
2000 2 131 212 588 50.32
2000 2 141 167 367 25.88
2000 2 269 276 396 6.46
2000 2 154 217 590 39
2000 2 198 233 396 32.28
2000 2 131 175 550 29.22
2000 2 169 231 395 57.33
2000 2 268 281 397 11.96
2000 2 106 151 402 40.89
2000 2 195 243 401 43.72
2000 2 196 245 716 25
2000 2 185 226 400 37.44
2000 2 182 233 714 26.09
2000 2 180 211 398 28.45
2000 2 145 176 558 20.29
2000 2 130 196 397 60.72
2000 2 142 189 397 43.24
2000 2 130 215 715 43.42
2000 2 145 254 710 56.07
2000 2 178 198 401 18.22
2000 2 224 254 554 19.78
2000 2 202 240 587 23.64
2000 2 226 234 396 7.38
2000 2 168 200 554 21.1
2000 2 154 235 581 50.92
2000 2 195 232 394 34.3
2000 2 139 188 399 44.86
2000 2 110 187 393 71.56
2000 2 185 213 396 25.83
2000 2 187 218 395 28.67
2000 2 134 192 393 53.9
2000 2 145 182 393 34.39
2000 2 265 305 708 20.64
2000 2 285 318 515 23.4
2000 2 144 187 514 30.56
2001 1 371 384 452 10.5
2001 1 359 371 569 7.7
2001 1 132 176 718 22.38
2001 1 432 422 614 -5.95
2001 1 260 290 584 18.76
2001 1 360 361 604 0.6
2001 2 144 219 509 53.82
2001 2 128 222 546 62.88
2001 2 147 250 541 69.54
2001 2 206 280 542 49.87
2001 2 248 270 503 15.98
2001 2 160 268 726 54.33
2001 2 298 330 539 21.68
2001 2 189 240 374 49.81
2001 2 148 202 377 52.32
2001 2 141 295 723 77.8
2001 2 110 201 378 87.93
2001 2 164 211 372 46.15
2001 2 254 250 375 -3.9
2001 2 153 210 375 55.52
2001 2 195 210 380 14.42
2001 2 229 284 377 53.29
2001 2 195 235 506 28.87
2001 2 129 190 379 58.79
2001 2 104 171 379 64.57
2001 2 140 227 504 63.05
2001 2 326 344 695 9.46
2001 2 286 295 698 4.71
2001 2 205 272 727 33.66
2001 2 162 236 503 53.73
2001 2 122 210 374 85.94
2001 2 102 227 700 65.22
2001 2 105 200 505 68.71
2001 2 128 239 508 79.81
2001 2 179 292 504 81.89
2001 2 194 240 477 35.22
2001 2 153 165 504 8.7
2001 2 261 315 471 41.88
2001 2 256 325 670 37.62
2001 2 185 258 504 52.9
2001 2 125 281 693 82.22
2001 2 139 256 693 61.67
2001 2 147 211 508 46.02
2001 2 235 301 692 34.84
2001 2 190 264 472 57.26
2001 2 240 296 692 29.56
2001 2 169 222 510 37.96
2001 2 127 215 472 68.1
2001 2 130 195 468 50.73
2001 2 132 206 508 53.21
2001 2 103 200 510 69.47
2001 2 105 248 467 111.84
2001 2 123 225 467 79.78
2001 2 225 323 505 70.88
2001 2 173 203 690 15.88
2001 2 117 220 509 73.91
2001 2 180 225 692 23.75
2001 2 150 233 472 64.23
2001 2 122 195 620 43.01
2001 2 130 288 466 123.84
2001 2 168 207 692 20.58
2001 2 218 266 504 34.79
2001 2 154 213 501 43.01
2001 2 132 221 698 46.57
2001 2 138 223 471 65.92
2001 2 129 246 509 83.96
2001 2 143 233 507 64.84
2001 2 131 246 507 82.85
2001 2 116 222 474 81.68
2001 2 207 282 690 39.7
2001 2 186 270 468 65.56
2001 2 233 290 508 40.98
2001 2 215 260 507 32.42
2001 2 192 263 509 50.95
2001 2 163 220 665 31.31
2001 2 138 218 468 62.44
2001 2 194 236 508 30.2
2001 2 188 265 467 60.22
2001 2 101 222 502 88.04
2001 2 97 197 506 72.18
2001 2 137 226 689 47.18
2001 2 186 236 682 26.78
2001 2 170 239 692 36.42
2001 2 95 186 659 50.44
2001 2 251 285 690 18
2001 2 105 220 504 83.34
2001 2 241 290 663 26.99
2001 2 117 221 694 54.73
2001 2 182 235 467 41.45
2001 2 181 234 502 38.56
2001 2 106 199 470 72.27
2001 2 250 279 665 15.93
2001 2 104 182 695 40.99
2001 2 174 283 663 60.05
2001 2 107 187 505 57.86
2001 2 187 245 691 30.66
2001 2 135 242 504 77.54
2001 2 135 211 500 55.52
2001 2 121 208 499 63.68
2001 2 115 203 692 46.45
2001 2 186 244 390 54.32
2001 2 239 283 547 29.38
2001 2 206 265 546 39.47
2001 2 252 295 386 40.69
2001 2 152 230 574 49.63
2001 2 153 230 573 49.08
2001 2 101 187 387 81.17
2001 2 213 251 387 35.86
2001 2 134 220 382 82.23
2001 2 183 221 386 35.96
2001 2 110 200 384 85.61
2001 2 199 233 384 32.34
2001 2 187 270 544 55.73
2001 2 92 185 385 88.23
2001 2 224 246 389 20.66
2001 2 237 278 385 38.9
2001 2 223 264 387 38.7
2001 2 132 210 385 74
2001 2 129 220 385 86.33
2001 2 116 250 711 68.84
2001 2 155 250 579 59.93
2001 2 135 220 577 53.81
2001 2 109 200 579 57.41
2001 2 112 193 388 76.25
2001 2 187 211 579 15.14
2001 2 145 236 380 87.47
2001 2 194 231 387 34.92
2001 2 206 260 382 51.63
2001 2 147 223 382 72.67
2001 2 119 204 383 81.06
2001 2 165 254 382 85.1
2001 2 151 218 546 44.82
2001 2 147 227 382 76.49
2001 2 170 197 567 17.39
2001 2 216 245 384 27.58
2001 2 152 210 574 36.91
2001 2 114 264 512 107.01
2001 2 170 242 547 48.08
2001 2 110 229 540 80.49
2001 2 265 327 539 42.01
2001 2 100 206 539 71.83
2001 2 190 265 537 51.01
2001 2 114 180 541 44.56
2001 2 101 192 541 61.44
2001 2 105 215 714 56.27
2001 2 173 220 544 31.56
2001 2 186 227 711 21.06
2002 1 295 303 625 4.68
2002 2 216 275 724 29.76
2002 2 164 265 524 70.4
2002 2 102 149 393 43.68
2002 2 217 238 386 19.87
2002 2 106 162 385 53.13
2002 2 104 197 561 60.55
2002 2 111 185 566 47.75
2002 2 102 189 383 82.97
2002 2 150 245 722 48.06
2002 2 207 242 386 33.12
2002 2 165 188 385 21.82
2002 2 237 285 385 45.54
2002 2 337 342 376 4.86
2002 2 275 307 725 16.12
2002 2 235 276 565 26.5
2002 2 100 182 385 77.79
2002 2 116 198 385 77.79
2002 2 105 180 561 48.83
2002 2 114 227 558 73.97
2002 2 165 253 720 44.64
2002 2 110 233 559 80.37
2002 2 105 180 367 74.64
2002 2 107 212 560 68.48
2002 2 105 171 562 42.89
2002 2 280 279 387 -0.94
2002 2 403 394 387 -8.49
2002 2 380 375 648 -2.82
2002 2 220 249 367 28.86
2002 2 155 232 532 52.87
2002 2 155 254 716 50.5
2002 2 160 248 523 61.46
2002 2 162 222 687 31.9
2002 2 161 246 527 58.91
2002 2 158 215 527 39.51
2002 2 355 352 691 -1.59
2002 2 385 395 688 5.31
2002 2 161 221 489 44.82
2002 2 160 215 489 41.08
2002 2 180 272 710 47.33
2002 2 172 227 520 38.63
2002 2 147 216 688 36.63
2002 2 160 254 708 48.49
2002 2 156 218 484 46.79
2002 2 162 220 403 52.57
2002 2 155 191 368 35.73
2002 2 157 205 400 43.83
2002 2 151 205 369 53.45
2002 2 212 291 588 49.07
2002 2 180 231 587 31.73
2002 2 151 203 397 47.84
2002 2 174 248 404 66.9
2002 2 150 224 590 45.81
2002 2 160 187 367 26.87
2002 2 160 213 401 48.27
2002 2 156 182 400 23.74
2002 2 155 204 590 30.33
2002 2 162 223 608 36.65
2002 2 173 255 590 50.76
2002 2 153 226 398 66.99
2002 2 166 222 592 34.55
2002 2 166 212 397 42.32
2002 2 157 243 591 53.15
2002 2 155 202 403 42.6
2002 2 165 207 395 38.84
2002 2 155 211 398 51.39
2002 2 160 205 403 40.78
2002 2 161 213 395 48.08
2002 2 175 233 589 35.97
2002 2 158 170 398 11.01
2002 2 175 205 400 27.39
2002 2 180 214 401 30.97
2002 2 176 227 399 46.69
2002 2 152 195 398 39.46
2002 2 154 208 584 33.77
2002 2 152 181 396 26.75
2002 2 168 236 397 62.56
2002 2 160 205 397 41.4
2002 2 162 200 397 34.96
2002 2 152 211 399 54.01
2002 2 172 214 401 38.26
2002 2 160 193 396 30.44
2002 2 150 205 399 50.35
2002 2 177 235 366 57.88
2002 2 163 200 559 24.18
2002 2 257 279 566 14.2
2002 2 151 199 588 29.82
2002 2 156 192 396 33.2
2002 2 175 230 399 50.35
2002 2 179 215 398 33.04
2002 2 156 220 586 39.89
2002 2 216 246 392 27.95
2002 2 182 223 397 37.72
2002 2 213 227 397 12.88
2003 1 382 396 726 7.04
2003 1 208 266 636 33.31
2003 2 151 210 568 37.94
2003 2 156 252 567 61.84
2003 2 155 260 568 67.52
2003 2 196 228 540 21.64
2003 2 151 195 569 28.24
2003 2 167 202 543 23.54
2003 2 166 253 536 59.28
2003 2 165 231 564 42.74
2003 2 174 232 539 39.3
2003 2 171 227 538 38.02
2003 2 201 235 567 21.9
2003 2 154 180 390 24.35
2003 2 163 183 392 18.64
2003 2 180 240 391 56.05
2003 2 168 192 392 22.36
2003 2 156 195 382 37.29
2003 2 166 190 383 22.89
2003 2 170 216 720 23.34
2003 2 171 239 540 45.99
2003 2 180 198 369 17.82
2003 2 184 221 370 36.52
2003 2 282 290 369 7.92
2003 2 150 230 727 40.19
2003 2 182 230 516 33.98
2003 2 177 216 366 38.92
2003 2 158 230 540 48.7
2003 2 210 245 724 17.66
2003 2 194 254 708 30.95
2003 2 178 215 371 36.43
2003 2 159 183 593 14.78
2003 2 181 235 565 34.91
2003 2 205 222 402 15.45
2003 2 188 240 398 47.72
2003 2 192 234 371 41.35
2003 2 181 213 542 21.56
2003 2 377 382 570 3.2
2003 2 122 184 637 35.55
2003 2 173 207 589 21.08
2003 2 191 225 393 31.6
2003 2 191 275 589 52.09
2003 2 133 209 697 39.83
2003 2 215 238 526 15.97
2003 2 177 261 730 42.03
2003 2 176 245 728 34.62
2003 2 105 188 554 54.72
2003 2 140 176 729 18.04
2003 2 216 265 701 25.53
2003 2 165 220 700 28.7
2003 2 167 215 700 25.05
2003 2 196 247 700 26.61
2003 2 196 265 700 36
2003 2 195 220 700 13.04
2003 2 192 237 548 29.99
2003 2 105 180 367 74.64
2003 2 117 212 628 55.25
2003 2 145 201 724 28.25
2003 2 145 208 555 41.46
2003 2 215 259 554 29.01
2003 2 173 209 520 25.29
2003 2 102 225 699 64.27
2003 2 196 261 729 32.57
2003 2 150 195 729 22.55
2003 2 153 192 729 19.54
2003 2 215 252 548 24.66
2003 2 108 224 699 60.61
2003 2 116 251 578 85.31
2003 2 110 253 728 71.75
2003 2 103 245 597 86.88
2003 2 112 295 727 91.94
2003 2 100 252 596 93.15
2003 2 119 264 726 72.95
2004 1 197 259 721 31.41
2004 1 385 390 544 3.36
2004 2 229 267 536 25.89
2004 2 175 205 375 29.22
2004 2 173 250 541 51.99
2004 2 193 237 538 29.87
2004 2 154 200 539 31.17
2004 2 196 252 461 44.37
2004 2 200 260 546 40.14
2004 2 191 225 540 23
2004 2 182 224 367 41.8
2004 2 165 210 492 33.41
2004 2 153 204 417 44.67
2004 2 171 227 540 37.88
2004 2 211 260 513 34.89
2004 2 151 230 536 53.83
2004 2 268 313 725 22.67
2004 2 226 279 536 36.12
2004 2 174 213 412 34.57
2004 2 151 245 511 67.19
2004 2 224 290 435 55.42
2004 2 168 231 398 57.82
2004 2 157 214 609 34.19
2004 2 167 241 580 46.6
2004 2 174 279 727 52.75
2004 2 176 241 578 41.07
2004 2 155 260 730 52.54
2004 2 180 197 370 16.78
2004 2 152 210 367 57.72
2004 2 180 225 553 29.72
2004 2 165 239 703 38.45
2004 2 155 227 553 47.56
2004 2 260 303 554 28.35
2004 2 190 285 555 62.52
2004 2 262 285 556 15.11
2004 2 172 229 367 56.73
2004 2 160 203 532 29.52
2004 2 171 225 528 37.36
2004 2 189 264 367 74.64
2004 2 167 234 528 46.35
2004 2 156 227 616 42.1
2004 2 146 213 616 39.73
2004 2 171 235 553 42.27
2004 2 156 209 552 35.07
2004 2 158 223 554 42.85
2004 2 200 238 368 37.72
2004 2 171 231 553 39.63
2004 2 245 270 557 16.39
2004 2 189 242 527 36.73
2004 2 165 209 551 29.17
2004 2 165 246 730 40.53
2004 2 211 257 580 28.97
2004 2 158 220 552 41.02
2004 2 180 263 579 52.36
2004 2 163 235 553 47.56
2004 2 174 245 552 46.98
2004 2 150 177 366 26.94
2004 2 150 207 554 37.58
2004 2 153 235 553 54.16
2004 2 152 235 553 54.82
2004 2 179 223 527 30.5
2004 2 187 236 552 32.42
2004 2 160 206 366 45.91
2004 2 173 230 366 56.88
2004 2 153 188 553 23.12
2004 2 160 240 526 55.55
2004 2 170 265 728 47.66
2004 2 155 242 551 57.67
2004 2 73 180 366 106.78
2004 2 212 272 609 35.99
2004 2 96 282 721 94.23
2004 2 88 249 609 96.56
2004 2 205 286 694 42.63
2004 2 238 304 576 41.85
2004 2 98 205 366 106.78
2004 2 119 245 607 75.82
2004 2 133 219 611 51.41
2004 2 75 224 575 94.65
2004 2 90 240 611 89.67
2004 2 81 225 609 86.36
2004 2 134 245 693 58.5
2004 2 248 318 576 44.39
2004 2 77 236 608 95.52
2004 2 111 271 608 96.12
2004 2 73 245 609 103.16
2004 2 203 300 574 61.72
2004 2 75 238 609 97.76
2005 1 197 269 670 39.25
2005 1 156 209 691 28.01
2005 1 156 239 660 45.93
2005 1 203 245 634 24.2
2005 1 386 385 367 -1
2005 1 210 254 662 24.28
2005 1 154 216 634 35.72
2005 1 206 240 609 20.39
2005 1 162 211 608 29.44
2005 2 204 272 421 59
2005 2 169 228 367 58.72
2005 2 342 341 393 -0.93
2005 2 199 247 392 44.72
2005 2 360 355 387 -4.72
2005 2 209 257 390 44.95
2005 2 235 267 392 29.82
2005 2 212 250 422 32.89
2005 2 235 260 382 23.9
2005 2 258 294 724 18.16
2005 2 215 242 369 26.73
2005 2 208 233 378 24.16
2005 2 175 240 449 52.88
2005 2 209 241 405 28.86
2005 2 163 199 710 18.52
2005 2 156 261 707 54.25
2005 2 219 272 513 37.74
2005 2 184 250 707 34.1
2005 2 168 276 706 55.87
2005 2 179 251 480 54.79
2005 2 91 245 397 141.68
2005 2 102 263 396 148.5
2005 2 221 269 589 29.77
2005 2 185 250 620 38.29
2005 2 253 281 589 17.36
2005 2 174 212 592 23.45
2005 2 180 235 592 33.93
2005 2 184 255 728 35.62
2005 2 202 290 391 82.2
2005 2 232 250 590 11.14
2005 2 199 258 589 36.59
2005 2 211 267 391 52.31
2005 2 172 210 393 35.32
2005 2 183 229 560 30
2005 2 158 238 388 75.31
2005 2 176 265 588 55.28
2005 2 186 268 586 51.11
2005 2 258 295 589 22.94
2005 2 186 250 588 39.76
2005 2 282 301 559 12.41
2005 2 209 273 529 44.19
2005 2 151 224 531 50.21
2005 2 205 272 559 43.78
2005 2 191 236 561 29.3
2005 2 150 209 530 40.66
2005 2 95 237 583 88.96
2005 2 128 273 690 76.76
2005 2 95 282 609 112.15
2005 2 91 215 608 74.49
2005 2 134 283 727 74.86
2005 2 264 290 724 13.12
2005 2 207 277 583 43.86
2005 2 84 205 726 60.88
2005 2 164 266 583 63.9
2005 2 156 281 582 78.45
2005 2 286 325 611 23.31
2005 2 200 290 528 62.26
2005 2 127 219 607 55.36
2005 2 230 242 581 7.54
2005 2 139 237 607 58.97
2005 2 193 270 606 46.41
2005 2 158 267 580 68.64
2005 2 92 240 605 89.35
2005 2 81 194 553 74.64
2005 2 81 209 552 84.7
2005 2 81 189 525 75.14
2005 2 88 235 691 77.7
2005 2 81 227 607 87.85
2006 1 187 235 448 39.13
2006 1 172 216 494 32.53
2006 1 224 250 414 22.94
2006 1 156 229 583 45.73
2006 1 201 259 473 44.79
2006 1 253 279 700 13.57
2006 1 187 245 647 32.74
2006 1 160 223 629 36.58
2006 1 209 265 625 32.73
2006 1 235 250 627 8.74
2006 1 162 222 629 34.84
2006 1 224 287 628 36.64
2006 1 153 204 674 27.64
2006 1 177 220 729 21.54
2006 1 163 209 729 23.05
2006 2 225 236 396 10.15
2006 2 211 261 452 40.4
2006 2 181 265 537 57.13
2006 2 251 254 427 2.57
2006 2 174 224 428 42.67
2006 2 267 303 428 30.72
2006 2 166 236 453 56.44
2006 2 232 270 575 24.14
2006 2 209 258 453 39.51
2006 2 185 266 572 51.72
2006 2 175 238 397 57.96
2006 2 217 296 372 77.57
2006 2 180 235 372 54
2006 2 287 314 571 17.27
2006 2 151 225 538 50.24
2006 2 224 260 395 33.29
2006 2 166 233 537 45.57
2006 2 183 256 569 46.86
2006 2 206 270 571 40.94
2006 2 185 254 573 43.98
2006 2 166 208 394 38.94
2006 2 152 240 538 59.74
2006 2 330 342 370 11.85
2006 2 229 320 369 90.08
2006 2 210 245 370 34.55
2006 2 160 227 399 61.33
2006 2 173 236 372 61.86
2006 2 195 275 540 54.11
2006 2 150 227 399 70.49
2006 2 150 195 370 44.42
2006 2 218 233 370 14.81
2006 2 270 287 370 16.78
2006 2 166 240 369 73.25
2006 2 176 242 515 46.81
2006 2 280 295 371 14.77
2006 2 295 303 429 6.81
2006 2 199 234 428 29.87
2006 2 177 222 513 32.04
2006 2 214 244 428 25.6
2006 2 228 242 379 13.49
2006 2 201 237 370 35.54
2006 2 255 293 402 34.53
2006 2 186 218 370 31.59
2006 2 220 281 709 31.42
2006 2 238 274 510 25.78
2006 2 260 282 369 21.78
2006 2 174 220 374 44.92
2006 2 205 231 368 25.81
2006 2 189 226 372 36.33
2006 2 160 189 370 28.63
2006 2 235 278 374 41.99
2006 2 236 277 705 21.24
2006 2 224 236 368 11.91
2006 2 205 245 547 26.71
2006 2 180 235 370 54.29
2006 2 169 224 545 36.86
2006 2 166 214 374 46.88
2006 2 184 206 373 21.54
2006 2 252 274 370 21.72
2006 2 179 197 371 17.72
2006 2 185 240 367 54.74
2006 2 267 292 517 17.66
2006 2 241 282 707 21.18
2006 2 128 209 399 74.15
2006 2 129 193 376 62.17
2006 2 260 286 400 23.74
2006 2 146 197 520 35.82
2006 2 267 266 376 -0.97
2006 2 292 302 710 5.14
2006 2 136 202 517 46.63
2006 2 145 206 374 59.57
2006 2 248 294 707 23.76
2006 2 125 184 374 57.62
2006 2 140 189 401 44.63
2006 2 138 208 399 64.08
2006 2 283 309 399 23.8
2006 2 141 203 376 60.23
2006 2 380 380 399 0
2006 2 392 402 518 7.05
2006 2 236 255 707 9.82
2006 2 230 281 402 46.34
2006 2 265 290 376 24.29
2006 2 226 311 486 63.88
2006 2 138 221 706 42.94
2006 2 142 240 516 69.37
2006 2 242 263 484 15.85
2006 2 140 197 398 52.31
2006 2 119 177 373 56.79
2006 2 246 258 399 10.98
2006 2 140 202 374 60.55
2006 2 136 200 398 58.73
2006 2 142 197 373 53.86
2006 2 142 204 374 60.55
2006 2 187 272 488 63.62
2006 2 285 311 399 23.8
2006 2 292 307 399 13.73
2006 2 258 277 374 18.56
2006 2 135 205 373 68.55
2006 2 235 262 372 26.51
2006 2 237 271 372 33.38
2006 2 123 181 518 40.9
2006 2 154 227 480 55.55
2006 2 165 231 483 49.91
2006 2 177 230 708 27.34
2006 2 210 251 398 37.63
2006 2 181 225 704 22.83
2006 2 185 230 372 44.18
2006 2 280 301 372 20.62
2006 2 174 250 400 69.4
2006 2 146 255 513 77.61
2006 2 127 242 373 112.61
2006 2 116 166 521 35.05
2006 2 248 305 702 29.66
2006 2 306 315 512 6.42
2006 2 144 225 396 74.71
2006 2 172 280 727 54.26
2006 2 220 259 450 31.65
2006 2 141 250 728 54.69
2006 2 159 232 701 38.04
2006 2 183 233 483 37.81
2006 2 353 348 674 -2.71
2006 2 146 215 673 37.45
2006 2 124 220 699 50.16
2006 2 136 219 727 41.7
2006 2 143 198 453 44.35
2006 2 144 226 671 44.64
2006 2 134 225 699 47.55
2006 2 139 227 727 44.21
2006 2 144 230 698 45
2006 2 160 201 446 33.58
2006 2 172 272 725 50.38
2006 2 158 222 481 48.6
2006 2 171 265 697 49.26
2006 2 159 225 726 33.2
2006 2 135 227 725 46.35
2006 2 149 186 479 28.21
2006 2 157 292 701 70.34
2006 2 162 188 445 21.34
2006 2 155 285 723 65.67
2006 2 150 198 367 47.77
2006 2 155 214 588 36.65
2006 2 226 262 565 23.27
2006 2 207 265 397 53.36
2006 2 180 240 663 33.05
2006 2 178 240 584 38.78
2006 2 234 269 574 22.27
2006 2 170 227 702 29.66
2006 2 220 276 725 28.21
2006 2 184 272 699 45.98
2006 2 176 206 562 19.5
2006 2 204 245 562 26.65
2006 2 202 232 561 19.53
2006 2 158 248 638 51.52
2006 2 265 286 700 10.96
2006 2 173 208 534 23.94
2006 2 187 241 530 37.21
2006 2 171 240 701 35.95
2006 2 235 252 562 11.05
2006 2 151 210 727 29.64
2006 2 166 271 699 54.87
2006 2 196 252 561 36.46
2006 2 173 243 559 45.74
2006 2 150 210 558 39.27
2007 1 204 220 391 14.95
2007 1 220 245 371 24.61
2007 1 244 254 391 9.34
2007 1 194 232 391 35.5
2007 1 246 269 385 21.82
2007 1 257 284 367 26.87
2007 1 216 218 438 1.67
2007 1 160 240 703 41.56
2007 1 191 235 411 39.1
2007 1 205 246 729 20.54
2007 2 163 205 395 38.84
2007 2 166 202 392 33.54
2007 2 185 262 532 52.87
2007 2 159 241 561 53.39
2007 2 163 240 398 70.66
2007 2 160 202 394 38.94
2007 2 216 245 399 26.55
2007 2 153 214 395 56.41
2007 2 272 284 396 11.07
2007 2 243 256 368 12.9
2007 2 162 217 562 35.75
2007 2 196 250 530 37.21
2007 2 276 287 390 10.3
2007 2 188 218 446 24.57
2007 2 154 225 558 46.47
2007 2 180 231 560 33.26
2007 2 173 259 532 59.04
2007 2 160 235 561 48.83
2007 2 267 275 392 7.45
2007 2 150 223 392 68.02
2007 2 204 221 396 15.68
2007 2 280 310 397 27.6
2007 2 194 225 391 28.96
2007 2 264 277 392 12.11
2007 2 155 208 558 34.69
2007 2 276 284 392 7.45
2007 2 166 234 559 44.43
2007 2 166 203 387 34.92
2007 2 185 230 390 42.14
2007 2 166 221 366 54.89
2007 2 200 266 562 42.89
2007 2 160 240 534 54.72
2007 2 262 305 394 39.86
2007 2 180 249 393 64.13
2007 2 150 210 466 47.03
2007 2 215 264 466 38.41
2007 2 211 247 464 28.34
2007 2 169 200 393 28.81
2007 2 180 256 559 49.66
2007 2 177 234 530 39.28
2007 2 224 260 390 33.72
2007 2 197 215 387 16.99
2007 2 157 215 390 54.32
2007 2 162 205 390 40.27
2007 2 179 267 558 57.6
2007 2 307 321 384 13.32
2007 2 159 195 373 35.25
2007 2 159 200 384 39
2007 2 207 252 453 36.28
2007 2 174 236 548 41.32
2007 2 161 250 515 63.12
2007 2 255 280 717 12.74
2007 2 260 282 371 21.66
2007 2 188 204 374 15.63
2007 2 235 272 369 36.62
2007 2 200 249 373 47.98
2007 2 235 242 370 6.91
2007 2 260 265 369 4.95
2007 2 294 295 367 1
2007 2 182 212 367 29.86
2007 2 169 199 367 29.86
2007 2 164 227 512 44.94
2007 2 227 241 369 13.86
2007 2 209 236 367 26.87
2007 2 211 231 367 19.9
2007 2 160 206 366 45.91
2007 2 178 225 394 43.57
2007 2 191 256 506 46.92
2007 2 201 276 536 51.11
2007 2 173 242 532 47.37
2007 2 171 234 708 32.5
2007 2 210 300 533 61.67
2007 2 189 239 366 49.9
2007 2 185 210 367 24.88
2007 2 206 235 368 28.78
2007 2 211 264 707 27.38
2007 2 186 267 709 41.73
2007 2 219 254 506 25.26
2007 2 165 206 366 40.92
2007 2 276 289 706 6.73
2007 2 168 210 366 41.91
2007 2 244 285 707 21.18
2007 2 216 284 505 49.18
2007 2 178 222 532 30.21
2007 2 185 290 710 54.02
2007 2 176 240 532 43.94
2007 2 175 225 366 49.9
2007 2 185 262 530 53.06
2007 2 200 233 534 22.57
2007 2 176 230 535 36.87
2007 2 155 191 366 35.93
2007 2 155 202 706 24.32
2007 2 284 328 707 22.73
2007 2 228 241 366 12.97
2007 2 210 268 504 42.03
2007 2 150 213 438 52.54
2007 2 177 205 439 23.3
2007 2 169 210 526 28.47
2007 2 188 261 708 37.66
2007 2 230 236 366 5.99
2007 2 173 232 532 40.51
2007 2 155 224 729 34.57
2007 2 184 275 504 65.95
2007 2 261 292 708 15.99
2007 2 168 240 505 52.08
2007 2 168 243 703 38.97
2007 2 174 218 531 30.27
2007 2 158 223 504 47.11
2007 2 157 210 532 36.39
2007 2 172 206 504 24.64
2007 2 200 250 437 41.79
2007 2 155 205 530 34.46
2007 2 208 266 705 30.05
2007 2 221 272 704 26.46
2007 2 210 262 389 48.83
2007 2 210 274 676 34.58
2007 2 210 238 391 26.16
2007 2 240 282 391 39.23
2007 2 228 272 501 32.08
2007 2 221 260 704 20.23
2007 2 193 241 389 45.07
2007 2 231 249 391 16.81
2007 2 185 208 389 21.6
2007 2 244 282 389 35.68
2007 2 195 259 705 33.16
2007 2 230 257 388 25.42
2007 2 318 321 388 2.82
2007 2 231 275 389 41.31
2007 2 252 304 388 48.95
2007 2 417 435 730 9.01
2007 2 283 327 730 22.02
2007 2 223 282 730 29.52
2007 2 250 294 730 22.02
2007 2 234 310 681 40.76
2007 2 234 262 679 15.06
2007 2 266 327 729 30.56
2007 2 233 281 728 24.08
2007 2 198 278 730 40.03
2007 2 158 206 599 29.27
2007 2 155 199 398 40.38
2007 2 190 227 601 22.49
2007 2 203 235 595 19.64
2007 2 224 250 646 14.7
2007 2 194 216 597 13.46
2007 2 189 222 596 20.22
2007 2 202 242 392 37.27
2007 2 206 236 646 16.96
2007 2 198 246 597 29.37
2007 2 217 260 648 24.24
2007 2 218 259 625 23.96
2007 2 171 220 569 31.45
2007 2 220 269 730 24.52
2007 2 180 206 395 24.04
2007 2 217 245 729 14.03
2007 2 180 226 596 28.19
2007 2 243 276 569 21.18
2007 2 160 202 569 26.96
2007 2 195 229 571 21.75
2007 2 224 250 600 15.83
2007 2 222 288 597 40.38
2007 2 235 265 572 19.16
2007 2 216 262 394 42.64
2007 2 205 246 366 40.92
2007 2 190 245 597 33.65
2007 2 169 191 395 20.34
2007 2 161 222 597 37.32
2007 2 222 255 646 18.66
2007 2 179 226 394 43.57
2007 2 178 237 596 36.16
2007 2 161 232 566 45.82
2007 2 203 252 595 30.08
2007 2 210 264 567 34.79
2007 2 227 259 394 29.66
2007 2 213 247 594 20.91
2007 2 169 230 645 34.54
2007 2 170 237 596 41.06
2007 2 209 260 596 31.25
2007 2 214 253 393 36.25
2007 2 235 271 727 18.09
2007 2 212 241 570 18.58
2007 2 210 255 391 42.04
2007 2 217 242 393 23.23
2007 2 310 360 390 46.83
2007 2 189 241 567 33.5
2007 2 211 272 726 30.69
2007 2 222 278 567 36.07
2007 2 180 240 623 35.18
2007 2 172 222 621 29.41
2007 2 181 221 644 22.69
2007 2 205 245 596 24.51
2007 2 215 259 598 26.87
2007 2 153 219 389 61.97
2007 2 180 219 369 38.6
2007 2 222 254 566 20.65
2007 2 171 220 579 30.91
2007 2 233 255 566 14.2
2007 2 204 230 599 15.85
2007 2 178 230 568 33.44
2007 2 253 280 595 16.57
2007 2 253 270 730 8.51
2007 2 176 229 367 52.75
2007 2 174 238 727 32.15
2007 2 256 266 594 6.15
2007 2 200 260 571 38.38
2007 2 206 241 366 34.93
2007 2 210 250 367 39.81
2007 2 250 266 567 10.31
2007 2 245 265 564 12.95
2007 2 204 237 592 20.36
2007 2 240 286 726 23.14
2007 2 165 198 595 20.26
2007 2 157 206 366 48.9
2007 2 151 180 394 26.88
2007 2 170 225 597 33.65
2007 2 197 223 394 24.1
2007 2 187 220 596 20.22
2007 2 200 246 600 28
2007 2 187 222 597 21.41
2007 2 220 245 597 15.3
2007 2 162 226 596 39.22
2007 2 191 240 396 45.2
2007 2 206 227 596 12.87
2007 2 405 405 582 0
2007 2 200 263 730 31.52
2007 2 172 208 592 22.21
2007 2 205 226 598 12.83
2007 2 243 289 728 23.08
2007 2 173 220 366 46.9
2007 2 216 244 594 17.22
2007 2 153 201 565 31.03
2007 2 260 298 612 22.68
2007 2 215 266 563 33.09
2007 2 180 225 561 29.3
2007 2 183 255 613 42.9
2007 2 207 240 562 21.45
2007 2 195 251 721 28.37
2007 2 217 274 559 37.24
2007 2 191 240 587 30.49
2007 2 195 255 693 31.62
2007 2 171 216 588 27.95
2007 2 204 244 697 20.96
2007 2 160 231 699 37.1
2007 2 167 214 563 30.49
2007 2 169 241 564 46.63
2007 2 241 302 727 30.65
2007 2 185 245 696 31.49
2007 2 202 232 727 15.07
2007 2 203 247 726 22.14
2007 2 216 235 725 9.57
2007 2 205 257 563 33.74
2007 2 182 230 562 31.2
2007 2 228 271 724 21.69
2007 2 252 290 534 25.99
2007 2 175 240 560 42.4
2007 2 176 246 693 36.89
2007 2 162 258 694 50.52
2007 2 192 268 723 38.39
2007 2 163 226 531 43.33
2007 2 221 260 562 25.35
2007 2 163 226 558 41.24
2007 2 153 215 606 37.37
2007 2 200 244 721 22.29
2007 2 200 266 690 34.94
2007 2 176 217 723 20.71
2007 2 155 234 695 41.52
2007 2 241 266 531 17.2
2007 2 164 256 694 48.42
2007 2 196 230 532 23.34
2007 2 171 212 559 26.79
2007 2 237 258 559 13.72
2008 1 205 234 672 15.76
2008 1 161 204 675 23.27
2008 1 218 252 588 21.12
2008 1 231 250 585 11.86
2008 1 240 271 697 16.24
2008 1 202 222 569 12.84
2008 2 198 235 400 33.79
2008 2 282 292 401 9.11
2008 2 185 223 399 34.79
2008 2 225 252 429 22.99
2008 2 220 279 561 38.41
2008 2 246 292 372 45.17
2008 2 222 240 375 17.53
2008 2 197 252 563 35.68
2008 2 233 252 399 17.39
2008 2 277 298 403 19.03
2008 2 174 240 399 60.42
2008 2 239 247 399 7.32
2008 2 314 319 401 4.55
2008 2 258 280 400 20.09
2008 2 239 265 398 23.86
2008 2 277 296 397 17.48
2008 2 230 246 398 14.68
2008 2 217 239 398 20.19
2008 2 222 250 371 27.57
2008 2 232 252 397 18.4
2008 2 256 265 401 8.2
2008 2 240 272 368 31.76
2008 2 220 247 398 24.78
2008 2 272 293 399 19.22
2008 2 218 255 373 36.23
2008 2 240 263 395 21.27
2008 2 218 237 394 17.61
2008 2 185 240 391 51.38
2008 2 194 220 395 24.04
2008 2 230 240 392 9.32
2008 2 232 245 390 12.17
2008 2 227 260 389 30.99
2008 2 260 294 391 31.76
2008 2 230 256 380 24.99
2008 2 204 225 377 20.35
2008 2 265 308 382 41.11
2008 2 225 261 381 34.51
2008 2 200 220 378 19.33
2008 2 150 183 374 32.23
2008 2 220 243 504 16.67
2008 2 310 306 509 -2.87
2008 2 229 246 422 14.71
2008 2 187 257 422 60.59
2008 2 196 228 371 31.5
2008 2 235 275 422 34.62
2008 2 154 187 373 32.31
2008 2 240 276 373 35.25
2008 2 198 238 373 39.17
2008 2 175 219 369 43.55
2008 2 210 237 373 26.44
2008 2 225 270 372 44.18
2008 2 302 305 371 2.95
2008 2 210 256 506 33.2
2008 2 210 236 507 18.73
2008 2 225 250 374 24.42
2008 2 282 313 372 30.44
2008 2 156 180 368 23.82
2008 2 192 240 370 47.38
2008 2 159 227 533 46.6
2008 2 186 245 371 58.09
2008 2 225 270 371 44.3
2008 2 216 276 532 41.19
2008 2 242 248 370 5.92
2008 2 236 264 369 27.72
2008 2 196 231 370 34.55
2008 2 195 283 532 60.42
2008 2 236 242 376 5.83
2008 2 245 267 374 21.49
2008 2 196 215 372 18.66
2008 2 178 213 372 34.36
2008 2 155 201 369 45.53
2008 2 225 270 503 32.68
2008 2 172 226 534 36.94
2008 2 226 245 367 18.91
2008 2 250 280 368 29.78
2008 2 221 247 371 25.6
2008 2 205 227 369 21.78
2008 2 165 184 371 18.71
2008 2 181 208 372 26.51
2008 2 192 230 535 25.94
2008 2 210 237 535 18.43
2008 2 251 281 369 29.7
2008 2 250 269 371 18.71
2008 2 279 290 369 10.89
2008 2 180 257 505 55.69
2008 2 158 210 369 51.47
2008 2 194 220 366 25.95
2008 2 239 264 368 24.81
2008 2 240 273 368 32.75
2008 2 236 279 416 37.75
2008 2 160 230 533 47.97
2008 2 205 243 504 27.54
2008 2 206 247 370 40.47
2008 2 155 182 505 19.53
2008 2 234 260 371 25.6
2008 2 222 256 371 33.47
2008 2 234 262 371 27.57
2008 2 172 211 370 38.5
2008 2 271 304 370 32.58
2008 2 185 230 372 44.18
2008 2 206 245 367 38.81
2008 2 201 240 530 26.88
2008 2 185 222 503 26.87
2008 2 251 275 371 23.63
2008 2 155 253 532 67.28
2008 2 182 220 504 27.54
2008 2 196 265 531 47.46
2008 2 194 204 369 9.9
2008 2 240 258 369 17.82
2008 2 280 305 369 24.75
2008 2 179 228 370 48.37
2008 2 161 200 369 38.6
2008 2 183 220 369 36.62
2008 2 225 237 396 11.07
2008 2 215 254 372 38.29
2008 2 225 243 396 16.6
2008 2 247 284 394 34.3
2008 2 422 425 394 2.78
2008 2 294 299 504 3.62
2008 2 150 212 371 61.04
2008 2 256 270 394 12.98
2008 2 241 267 395 24.04
2008 2 187 221 395 31.44
2008 2 247 276 393 26.95
2008 2 228 252 367 23.89
2008 2 216 242 367 25.88
2008 2 265 277 366 11.98
2008 2 211 230 671 10.34
2008 2 253 277 666 13.16
2008 2 289 299 688 5.31
2008 2 240 269 689 15.37
2008 2 187 235 689 25.45
2008 2 224 253 686 15.44
2008 2 239 280 685 21.86
2008 2 190 244 685 28.79
2008 2 208 256 664 26.4
2008 2 233 255 666 12.07
2008 2 315 325 686 5.32
2008 2 204 240 686 19.17
2008 2 251 274 688 12.21
2008 2 200 235 690 18.53
2008 2 157 195 457 30.37
2008 2 201 226 685 13.33
2008 2 203 240 683 19.79
2008 2 199 241 668 22.96
2008 2 152 189 666 20.29
2008 2 208 247 685 20.8
2008 2 184 218 668 18.59
2008 2 200 250 688 26.54
2008 2 125 193 450 55.19
2008 2 111 270 680 85.4
2008 2 128 221 683 49.73
2008 2 108 226 662 65.1
2008 2 111 188 450 62.5
2008 2 120 275 661 85.65
2008 2 116 210 664 51.71
2008 2 126 228 680 54.79
2008 2 122 290 449 136.66
2008 2 120 242 662 67.31
2008 2 109 252 660 79.14
2008 2 125 250 683 66.85
2008 2 124 274 680 80.57
2008 2 106 228 683 65.24
2008 2 118 269 682 80.87
2008 2 217 260 625 25.13
2008 2 240 261 625 12.27
2008 2 157 211 394 50.06
2008 2 210 250 623 23.45
2008 2 260 278 623 10.55
2008 2 218 245 729 13.53
2008 2 171 220 624 28.68
2008 2 197 240 626 25.09
2008 2 193 263 729 35.07
2008 2 163 257 728 47.16
2008 2 164 222 393 53.9
2008 2 163 187 390 22.48
2008 2 190 227 618 21.87
2008 2 224 250 621 15.29
2008 2 202 229 392 25.16
2008 2 150 200 392 46.59
2008 2 231 280 729 24.55
2008 2 211 242 601 18.84
2008 2 224 259 623 20.52
2008 2 307 314 604 4.23
2008 2 202 270 728 34.12
2008 2 215 255 617 23.68
2008 2 150 206 620 32.99
2008 2 167 201 623 19.93
2008 2 150 223 599 44.51
2008 2 157 234 726 38.74
2008 2 198 226 619 16.52
2008 2 223 280 728 28.6
2008 2 155 215 622 35.23
2008 2 172 245 725 36.78
2008 2 173 272 726 49.81
2008 2 248 271 387 21.71
2008 2 156 189 390 30.91
2008 2 151 216 725 32.75
2008 2 167 237 618 41.37
2008 2 179 207 392 26.09
2008 2 192 273 724 40.86
2008 2 223 239 390 14.98
2008 2 236 262 619 15.34
2008 2 154 217 390 59
2008 2 161 240 726 39.74
2008 2 152 225 623 42.8
2008 2 201 213 728 6.02
2008 2 175 215 601 24.31
2008 2 190 215 582 15.69
2008 2 185 210 366 24.95
2008 2 160 184 366 23.95
2008 2 150 195 369 44.54
2008 2 195 209 573 8.92
2008 2 154 196 366 41.91
2008 2 162 212 366 49.9
2008 2 160 244 726 42.26
2008 2 150 190 369 39.59
2008 2 167 188 366 20.96
2008 2 152 240 700 45.92
2008 2 228 236 701 4.17
2008 2 168 215 595 28.85
2008 2 150 185 596 21.45
2008 2 158 270 726 56.35
2008 2 180 232 703 27.02
2008 2 171 237 702 34.34
2008 2 180 215 366 34.93
2008 2 177 236 572 37.67
2008 2 160 221 724 30.77
2008 2 158 223 723 32.84
2008 2 247 250 574 1.91
2008 2 165 218 723 26.77
2008 2 175 295 700 62.61
2008 2 156 225 700 36
2008 2 151 255 728 52.18
2008 2 185 215 576 19.02
2008 2 165 235 702 36.42
2008 2 180 235 572 35.12
2008 2 153 244 730 45.53
2008 2 156 242 700 44.87
2008 2 150 235 595 52.18
2008 2 150 220 366 69.86
2008 2 161 213 592 32.08
2008 2 166 231 592 40.1
2008 2 242 247 592 3.08
2008 2 157 228 700 37.05
2008 2 150 200 571 31.98
2008 2 160 244 729 42.09
2008 2 150 205 701 28.66
2008 2 157 225 596 41.67
2008 2 170 250 727 40.19
2008 2 163 236 699 38.14
2008 2 150 237 593 53.59
2008 2 180 297 700 61.05
2008 2 157 235 571 49.89
2008 2 159 223 694 33.68
2008 2 165 242 698 40.29
2009 1 170 186 408 14.32
2009 1 223 250 415 23.76
2009 2 122 226 531 71.54
2009 2 278 280 407 1.79
2009 2 182 212 425 25.78
2009 2 225 228 531 2.06
2009 2 261 276 422 12.98
2009 2 225 246 401 19.13
2009 2 215 238 425 19.77
2009 2 270 280 420 8.7
2009 2 273 296 522 16.09
2009 2 103 204 417 88.47
2009 2 217 279 526 43.05
2009 2 230 244 420 12.18
2009 2 229 250 402 19.08
2009 2 151 190 421 33.84
2009 2 255 282 422 23.37
2009 2 217 230 399 11.9
2009 2 100 173 423 63.03
2009 2 241 262 421 18.22
2009 2 203 248 554 29.67
2009 2 288 318 423 25.9
2009 2 252 277 420 21.74
2009 2 282 300 419 15.69
2009 2 103 183 553 52.84
2009 2 239 265 419 22.66
2009 2 272 275 400 2.74
2009 2 267 287 418 17.48
2009 2 244 250 418 5.24
2009 2 243 266 418 20.1
2009 2 187 212 400 22.83
2009 2 254 264 419 8.72
2009 2 111 199 419 76.71
2009 2 279 295 419 13.95
2009 2 279 285 420 5.22
2009 2 104 240 554 89.66
2009 2 105 188 418 72.53
2009 2 220 226 399 5.49
2009 2 109 185 421 65.94
2009 2 110 196 420 74.79
2009 2 172 233 554 40.22
2009 2 272 306 422 29.43
2009 2 232 246 420 12.18
2009 2 272 288 547 10.68
2009 2 228 247 417 16.64
2009 2 175 226 526 35.41
2009 2 259 280 419 18.31
2009 2 100 178 551 51.71
2009 2 170 201 398 28.45
2009 2 108 204 547 64.1
2009 2 157 205 395 44.38
2009 2 245 255 399 9.15
2009 2 218 237 412 16.84
2009 2 270 291 414 18.53
2009 2 285 293 415 7.04
2009 2 246 256 392 9.32
2009 2 240 254 407 12.56
2009 2 209 235 413 22.99
2009 2 237 246 413 7.96
2009 2 194 222 404 25.31
2009 2 277 296 407 17.05
2009 2 195 209 387 13.21
2009 2 302 334 409 28.58
2009 2 114 165 409 45.54
2009 2 228 234 384 5.71
2009 2 250 275 408 22.38
2009 2 101 178 407 69.1
2009 2 152 193 409 36.61
2009 2 109 142 533 22.61
2009 2 270 272 386 1.89
2009 2 259 268 372 8.84
2009 2 177 251 505 53.52
2009 2 105 225 528 83.01
2009 2 181 252 527 49.21
2009 2 198 265 728 33.62
2009 2 115 200 393 79
2009 2 102 185 526 57.63
2009 2 158 207 393 45.54
2009 2 100 194 502 68.39
2009 2 194 242 391 44.84
2009 2 167 224 499 41.72
2009 2 202 217 377 14.53
2009 2 166 195 394 26.88
2009 2 104 220 526 80.55
2009 2 153 177 394 22.25
2009 2 101 206 728 52.68
2009 2 330 336 371 5.91
2009 2 150 240 529 62.14
2009 2 193 216 393 21.38
2009 2 181 248 496 49.34
2009 2 198 253 497 40.42
2009 2 205 242 726 18.61
2009 2 224 227 377 2.91
2009 2 234 249 375 14.61
2009 2 216 235 390 17.79
2009 2 225 252 525 18.78
2009 2 225 277 726 26.16
2009 2 170 263 730 46.53
2009 2 136 180 392 41
2009 2 267 282 390 14.05
2009 2 272 289 390 15.92
2009 2 240 255 393 13.94
2009 2 106 146 396 36.89
2009 2 106 175 501 50.3
2009 2 234 239 375 4.87
2009 2 153 195 527 29.11
2009 2 219 241 494 16.27
2009 2 205 222 393 15.8
2009 2 189 229 729 20.04
2009 2 246 266 392 18.64
2009 2 166 215 394 45.42
2009 2 152 187 499 25.62
2009 2 216 240 394 22.25
2009 2 184 202 502 13.1
2009 2 235 245 392 9.32
2009 2 177 250 500 53.33
2009 2 205 233 499 20.49
2009 2 254 260 392 5.59
2009 2 125 215 527 62.38
2009 2 101 183 499 60.02
2009 2 278 280 375 1.95
2009 2 154 210 501 40.83
2009 2 168 218 726 25.15
2009 2 244 250 372 5.89
2009 2 125 177 372 51.06
2009 2 258 270 371 11.81
2009 2 161 215 389 50.7
2009 2 187 208 393 19.52
2009 2 182 241 524 41.13
2009 2 178 196 373 17.63
2009 2 112 189 528 53.27
2009 2 271 298 394 25.03
2009 2 126 168 390 39.33
2009 2 218 266 522 33.59
2009 2 129 210 497 59.53
2009 2 216 210 388 -5.65
2009 2 165 196 369 30.68
2009 2 190 218 396 25.83
2009 2 242 258 392 14.91
2009 2 172 239 728 33.62
2009 2 260 278 728 9.03
2009 2 283 306 730 11.51
2009 2 180 275 523 66.35
2009 2 138 188 394 46.35
2009 2 175 237 524 43.22
2009 2 102 185 525 57.74
2009 2 120 191 496 52.28
2009 2 229 260 391 28.96
2009 2 197 224 388 25.42
2009 2 201 230 391 27.09
2009 2 238 248 391 9.34
2009 2 238 253 391 14.01
2009 2 111 190 522 55.28
2009 2 350 352 372 1.96
2009 2 188 231 391 40.17
2009 2 243 260 395 15.72
2009 2 115 215 501 72.9
2009 2 165 206 497 30.13
2009 2 160 235 492 55.68
2009 2 177 232 498 40.34
2009 2 156 199 371 42.33
2009 2 172 201 371 28.55
2009 2 122 199 498 56.47
2009 2 164 216 728 26.09
2009 2 216 239 393 21.38
2009 2 206 227 390 19.67
2009 2 175 238 526 43.75
2009 2 240 257 387 16.04
2009 2 138 232 521 65.9
2009 2 118 195 374 75.2
2009 2 118 220 521 71.51
2009 2 100 181 393 75.28
2009 2 179 231 499 38.06
2009 2 115 198 391 77.53
2009 2 246 286 729 20.04
2009 2 161 235 728 37.13
2009 2 131 192 391 56.98
2009 2 101 176 390 70.24
2009 2 109 171 393 57.62
2009 2 200 262 522 43.38
2009 2 158 225 723 33.85
2009 2 127 218 523 63.55
2009 2 252 268 395 14.79
2009 2 271 301 723 15.16
2009 2 193 216 390 21.54
2009 2 227 238 370 10.86
2009 2 330 352 490 16.4
2009 2 157 191 373 33.29
2009 2 115 225 523 76.82
2009 2 101 184 521 58.19
2009 2 127 197 499 51.24
2009 2 177 213 497 26.46
2009 2 175 231 494 41.4
2009 2 240 271 725 15.62
2009 2 127 257 724 65.58
2009 2 124 178 368 53.6
2009 2 196 265 525 48
2009 2 233 270 728 18.56
2009 2 191 258 499 49.04
2009 2 127 242 526 79.86
2009 2 186 231 497 33.07
2009 2 175 229 725 27.2
2009 2 257 291 728 17.06
2009 2 175 210 393 32.53
2009 2 182 252 499 51.24
2009 2 114 190 499 55.63
2009 2 184 225 372 40.26
2009 2 243 270 729 13.53
2009 2 175 228 525 36.87
2009 2 117 192 525 52.18
2009 2 129 215 497 63.2
2009 2 165 237 521 50.48
2009 2 167 220 499 38.79
2009 2 192 265 497 53.65
2009 2 247 282 389 32.86
2009 2 263 286 728 11.54
2009 2 159 206 391 43.9
2009 2 232 249 370 16.78
2009 2 234 241 391 6.54
2009 2 102 152 391 46.71
2009 2 189 264 728 37.63
2009 2 190 226 730 18.01
2009 2 311 334 728 11.54
2009 2 167 264 522 67.87
2009 2 170 225 497 40.42
2009 2 114 211 730 48.53
2009 2 116 225 497 80.11
2009 2 213 233 394 18.54
2009 2 272 282 393 9.29
2009 2 189 258 499 50.51
2009 2 171 235 524 44.61
2009 2 117 180 390 59
2009 2 234 269 727 17.58
2009 2 240 256 389 15.02
2009 2 171 185 369 13.86
2009 2 161 193 393 29.74
2009 2 282 300 726 9.06
2009 2 271 285 372 13.75
2009 2 194 260 725 33.25
2009 2 108 157 394 45.42
2009 2 106 164 369 57.41
2009 2 125 185 393 55.76
2009 2 171 220 392 45.66
2009 2 114 197 371 81.71
2009 2 121 221 524 69.7
2009 2 175 262 728 43.65
2009 2 286 317 392 28.88
2009 2 122 233 499 81.25
2009 2 196 235 497 28.66
2009 2 196 242 393 42.75
2009 2 120 165 373 44.07
2009 2 265 275 726 5.03
2009 2 210 268 725 29.22
2009 2 164 212 727 24.12
2009 2 173 213 496 29.46
2009 2 116 205 724 44.9
2009 2 189 220 370 30.6
2009 2 162 219 524 39.73
2009 2 173 205 368 31.76
2009 2 109 181 386 68.13
2009 2 234 252 372 17.67
2009 2 111 184 387 68.9
2009 2 169 210 392 38.2
2009 2 160 241 518 57.11
2009 2 197 255 724 29.26
2009 2 180 245 525 45.22
2009 2 117 197 524 55.76
2009 2 101 190 525 61.92
2009 2 145 172 369 26.73
2009 2 130 165 369 34.64
2009 2 294 300 390 5.62
2009 2 144 217 727 36.68
2009 2 120 220 497 73.49
2009 2 125 214 727 44.71
2009 2 110 205 498 69.68
2009 2 120 232 493 82.98
2009 2 169 262 725 46.85
2009 2 240 280 369 39.59
2009 2 111 199 523 61.46
2009 2 212 240 390 26.22
2009 2 200 252 495 38.37
2009 2 173 243 495 51.65
2009 2 127 191 392 59.63
2009 2 223 262 390 36.52
2009 2 101 211 520 77.26
2009 2 181 249 496 50.07
2009 2 175 257 726 41.25
2009 2 177 236 726 29.68
2009 2 120 230 495 81.17
2009 2 134 216 495 60.51
2009 2 121 214 391 86.88
2009 2 122 168 390 43.08
2009 2 211 240 386 27.44
2009 2 188 240 391 48.58
2009 2 184 213 391 27.09
2009 2 118 208 495 66.41
2009 2 205 240 369 34.64
2009 2 250 297 518 33.14
2009 2 193 230 392 34.48
2009 2 157 187 369 29.7
2009 2 164 199 390 32.78
2009 2 179 219 495 29.52
2009 2 150 215 476 49.88
2009 2 132 184 370 51.33
2009 2 189 216 369 26.73
2009 2 135 182 368 46.65
2009 2 130 195 366 64.87
2009 2 135 196 369 60.38
2009 2 149 250 500 73.78
2009 2 143 202 473 45.56
2009 2 143 183 367 39.81
2009 2 165 265 728 50.17
2009 2 132 185 367 52.75
2009 2 120 183 476 48.34
2009 2 136 307 728 85.79
2009 2 137 314 729 88.68
2009 2 140 197 369 56.42
2009 2 122 202 680 42.97
2009 2 144 216 476 55.25
2009 2 126 207 474 62.42
2009 2 107 184 451 62.36
2009 2 127 194 417 58.69
2009 2 117 195 420 67.83
2009 2 115 243 649 72.04
2009 2 130 223 447 75.99
2009 2 127 196 451 55.88
2009 2 111 156 452 36.36
2009 2 179 205 394 24.1
2009 2 202 235 598 20.16
2009 2 136 201 393 60.41
2009 2 155 194 596 23.9
2009 2 232 281 622 28.77
2009 2 155 234 729 39.58
2009 2 190 226 623 21.11
2009 2 252 285 391 30.83
2009 2 182 252 728 35.12
2009 2 152 200 620 28.28
2009 2 171 235 625 37.4
2009 2 165 217 622 30.54
2009 2 164 223 595 36.22
2009 2 100 179 592 48.74
2009 2 165 230 624 38.05
2009 2 182 222 594 24.6
2009 2 130 195 593 40.04
2009 2 100 186 390 80.54
2009 2 145 266 615 71.86
2009 2 141 195 391 50.44
2009 2 220 274 616 32.02
2009 2 160 261 726 50.81
2009 2 172 246 390 69.3
2009 2 147 208 591 37.7
2009 2 156 234 621 45.88
2009 2 185 226 621 24.11
2009 2 155 223 601 41.33
2009 2 137 200 573 40.16
2009 2 164 194 597 18.35
2009 2 130 177 366 46.9
2009 2 147 216 598 42.14
2009 2 147 228 706 41.91
2009 2 131 218 600 52.96
2009 2 155 200 594 27.67
2009 2 145 263 595 72.44
2009 2 167 202 703 18.18
2009 2 101 188 567 56.04
2009 2 151 225 598 45.2
2009 2 172 248 595 46.65
2009 2 100 211 599 67.68
2009 2 185 238 567 34.14
2009 2 136 182 569 29.53
2009 2 141 205 600 38.96
2009 2 135 202 595 41.13
2009 2 100 180 596 49.03
2009 2 128 204 567 48.96
2009 2 170 276 593 65.29
2009 2 200 271 595 43.58
2009 2 146 215 595 42.36
2009 2 156 184 593 17.25
2009 2 135 190 701 28.66
2009 2 146 210 366 63.87
2009 2 240 271 700 16.18
2009 2 198 235 597 22.64
2009 2 149 215 595 40.52
2009 2 165 235 700 36.52
2009 2 168 240 592 44.42
2009 2 102 225 593 75.76
2009 2 171 236 591 40.17
2009 2 177 235 594 35.66
2009 2 133 212 700 41.22
2009 2 140 192 593 32.03
2009 2 221 269 595 29.47
2009 2 165 190 565 16.16
2009 2 210 260 562 32.5
2009 2 203 282 700 41.22
2010 2 155 201 389 43.19
2010 2 114 220 524 73.89
2010 2 179 236 524 39.73
2010 2 127 222 527 65.84
2010 2 188 241 495 39.11
2010 2 116 201 387 80.22
2010 2 123 220 523 67.74
2010 2 173 228 389 51.64
2010 2 262 285 389 21.6
2010 2 244 273 385 27.51
2010 2 169 210 389 38.5
2010 2 222 265 387 40.58
2010 2 226 271 385 42.69
2010 2 203 245 385 39.85
2010 2 110 196 523 60.06
2010 2 170 215 385 42.69
2010 2 172 225 385 50.28
2010 2 224 241 386 16.09
2010 2 236 283 524 32.76
2010 2 254 290 386 34.06
2010 2 178 253 383 71.52
2010 2 149 245 527 66.54
2010 2 115 200 385 80.64
2010 2 117 183 386 62.45
2010 2 112 187 526 52.08
2010 2 230 273 494 31.79
2010 2 100 180 387 75.5
2010 2 123 199 529 52.47
2010 2 132 249 528 80.94
2010 2 101 200 528 68.48
2010 2 196 252 488 41.91
2010 2 200 248 524 33.46
2010 2 194 246 388 48.95
2010 2 198 268 526 48.61
2010 2 241 272 387 29.26
2010 2 196 223 383 25.75
2010 2 136 227 528 62.95
2010 2 200 236 523 25.14
2010 2 117 205 382 84.14
2010 2 112 225 526 78.47
2010 2 165 197 383 30.52
2010 2 119 200 386 76.65
2010 2 268 298 385 28.46
2010 2 186 254 488 50.9
2010 2 223 265 383 40.05
2010 2 202 232 380 28.84
2010 2 188 259 526 49.3
2010 2 131 206 387 70.78
2010 2 204 251 526 32.64
2010 2 161 223 387 58.52
2010 2 114 203 525 61.92
2010 2 180 206 385 24.67
2010 2 145 197 385 49.33
2010 2 188 235 386 44.47
2010 2 172 208 385 34.15
2010 2 191 230 491 29.01
2010 2 162 215 527 36.73
2010 2 120 180 525 41.74
2010 2 135 216 385 76.84
2010 2 270 296 382 24.86
2010 2 223 253 387 28.31
2010 2 148 196 382 45.9
2010 2 172 224 521 36.45
2010 2 131 190 381 56.56
2010 2 230 252 382 21.04
2010 2 120 228 522 75.57
2010 2 186 246 489 44.82
2010 2 180 220 381 38.35
2010 2 232 248 384 15.22
2010 2 232 274 521 29.44
2010 2 122 213 489 67.97
2010 2 135 234 488 74.1
2010 2 105 219 521 79.92
2010 2 227 255 380 26.91
2010 2 215 240 517 17.66
2010 2 180 237 489 42.58
2010 2 257 282 383 23.84
2010 2 198 231 380 31.72
2010 2 160 221 384 58.02
2010 2 141 233 523 64.25
2010 2 215 255 383 38.15
2010 2 179 246 381 64.23
2010 2 111 184 374 71.29
2010 2 107 195 483 66.55
2010 2 109 187 374 76.18
2010 2 285 295 376 9.71
2010 2 111 240 476 98.99
2010 2 252 276 373 23.5
2010 2 161 234 507 52.59
2010 2 127 197 370 69.1
2010 2 179 262 471 64.36
2010 2 168 237 472 53.39
2010 2 183 253 471 54.28
2010 2 255 268 366 12.97
2010 2 135 218 511 59.33
2010 2 125 227 512 72.76
2010 2 125 165 368 39.7
2010 2 224 254 367 29.86
2010 2 171 204 367 32.84
2010 2 108 196 510 63.02
2010 2 243 260 369 16.83
2010 2 227 260 370 32.58
2010 2 140 220 472 61.91
2010 2 107 170 369 62.36
2010 2 101 192 511 65.04
2010 2 135 215 504 57.98
2010 2 117 172 369 54.44
2010 2 133 218 366 84.83
2010 2 122 197 369 74.24
2010 2 120 202 506 59.19
2010 2 173 225 366 51.89
2010 2 176 236 473 46.33
2010 2 212 255 504 31.16
2010 2 127 210 502 60.39
2010 2 155 228 470 56.73
2010 2 259 295 369 35.63
2010 2 179 255 474 58.56
2010 2 201 235 366 33.93
2010 2 168 274 506 76.51
2010 2 165 219 507 38.9
2010 2 165 217 367 51.75
2010 2 167 218 506 36.81
2010 2 125 182 507 41.06
2010 2 124 226 507 73.48
2010 2 194 220 367 25.88
2010 2 185 237 501 37.91
2010 2 262 304 505 30.38
2010 2 211 256 470 34.97
2010 2 130 185 368 54.59
2010 2 167 209 367 41.8
2010 2 149 181 366 31.93
2010 2 200 233 509 23.68
2010 2 213 240 506 19.49
2010 2 209 260 505 36.89
2010 2 138 221 506 59.91
2010 2 132 231 505 71.6
2010 2 135 205 367 69.67
2010 2 187 235 506 34.65
2010 2 144 211 367 66.68
2010 2 185 231 368 45.66
2010 2 134 200 366 65.86
2010 2 138 239 505 73.05
2010 2 178 237 503 42.84
2010 2 110 157 366 46.9
2010 2 157 227 469 54.51
2010 2 213 240 367 26.87
2010 2 202 253 466 39.97
2010 2 240 280 506 28.87
2010 2 178 241 506 45.48
2010 2 205 240 504 25.36
2010 2 245 269 366 23.95
2010 2 129 183 366 53.89
2010 2 245 276 471 24.04
2010 2 194 253 469 45.95
2010 2 185 252 498 49.14
2010 2 183 211 469 21.81
2010 2 170 227 505 41.23
2010 2 260 279 366 18.96
2010 2 109 210 503 73.34
2010 2 163 245 470 63.72
2010 2 150 253 471 79.87
2010 2 140 205 503 47.2
2010 2 149 217 502 49.48
2010 2 147 224 468 60.09
2010 2 139 215 504 55.08
2010 2 195 248 504 38.41
2010 2 234 271 469 28.82
2010 2 133 184 501 37.18
2010 2 228 280 496 38.29
2010 2 140 200 502 43.66
2010 2 117 184 502 48.75
2010 2 91 238 460 116.72
2010 2 109 195 464 67.7
2010 2 240 262 403 19.94
2010 2 220 240 399 18.31
2010 2 138 183 400 41.09
2010 2 162 227 398 59.65
2010 2 220 232 366 11.98
2010 2 208 246 397 34.96
2010 2 215 240 400 22.83
2010 2 155 220 398 59.65
2010 2 125 187 397 57.04
2010 2 202 239 401 33.7
2010 2 183 215 400 29.22
2010 2 231 257 366 25.95
2010 2 192 237 366 44.91
2010 2 199 243 399 40.28
2010 2 209 244 401 31.88
2010 2 175 211 399 32.95
2010 2 235 262 397 24.84
2010 2 205 228 398 21.11
2010 2 153 196 371 42.33
2010 2 218 249 373 30.36
2010 2 167 200 372 32.4
2010 2 207 230 368 22.83
2010 2 242 253 370 10.86
