60 70 80 90 100 110 120 130 140 150 160 170 180 190 200 210 220 230 240 250 260 270 280 290 300 310 320 330 340 350 360 370 380 390 400 410 420 430 440 450 460 470 480 490
1989 0 0 0 0 0 0 0 0 0 3 6 12 5 1 9 5 1 3 1 2 1 0 0 0 1 1 2 4 2 4 2 0 2 5 1 1 1 0 0 0 0 0 0 0
1990 0 0 0 0 0 0 0 0 1 1 0 1 1 2 9 5 7 3 1 4 4 2 3 2 1 0 4 4 1 0 2 3 1 1 0 3 1 0 0 0 0 0 0 0
1991 0 0 0 0 0 0 0 0 4 55 129 119 112 115 93 82 72 65 46 60 64 62 50 41 28 34 23 40 15 21 28 17 17 13 5 6 3 2 1 0 1 1 0 0
1992 0 0 0 0 0 1 0 0 0 32 56 87 95 114 131 117 105 124 97 99 87 90 91 101 91 87 105 108 97 127 110 112 73 56 44 22 13 5 6 2 1 0 0 0
1993 0 0 0 0 0 0 0 3 9 102 168 209 182 181 150 128 156 145 111 112 102 125 128 123 106 109 130 122 147 144 168 120 96 85 53 35 14 8 4 1 1 0 0 0
1994 0 0 0 0 0 0 0 0 1 35 65 121 138 144 158 149 144 104 90 68 71 69 60 59 56 63 51 68 76 66 69 72 47 40 27 19 11 6 0 0 0 1 0 0
1995 0 0 0 0 0 0 0 0 0 16 15 23 33 49 41 69 60 50 55 39 57 50 60 67 88 73 74 96 86 112 108 108 104 77 41 29 15 8 2 4 0 1 0 0
1996 0 0 0 0 0 0 0 0 0 0 1 3 0 4 0 2 0 1 2 4 0 3 3 3 1 8 6 9 4 2 1 2 8 4 1 0 0 0 0 0 0 0 0 0
1997 0 0 0 0 0 0 0 0 0 2 1 0 0 1 0 1 4 1 0 2 1 2 1 0 0 0 1 2 1 0 2 3 3 1 0 1 0 0 0 0 0 0 0 0
1998 0 0 0 0 0 0 0 0 2 11 8 12 17 12 10 4 6 7 1 11 5 8 7 11 1 6 1 6 3 7 1 6 9 1 2 3 2 0 0 0 1 0 0 0
1999 0 0 0 0 0 0 1 3 6 0 2 4 3 2 2 5 4 1 1 2 2 4 1 1 2 6 1 2 4 9 6 6 11 7 9 2 2 3 1 0 0 0 0 0
2000 0 0 0 0 1 2 5 14 14 14 15 16 20 21 15 19 22 14 17 17 14 14 5 5 4 4 3 4 7 3 9 10 7 7 6 2 4 2 1 0 0 0 0 0
2001 0 0 0 2 50 69 80 115 130 138 158 153 139 171 130 100 72 86 43 42 37 34 25 12 8 8 7 6 11 17 21 33 27 26 24 22 13 3 2 1 0 0 0 0
2002 0 0 0 0 21 44 42 41 68 183 197 144 157 181 129 123 123 79 70 55 36 30 34 23 18 12 9 14 17 20 45 36 79 80 71 48 32 15 7 3 1 0 0 0
2003 0 0 0 0 1 4 1 2 3 23 49 50 103 85 81 68 66 29 23 17 19 14 11 12 7 2 8 4 13 24 24 22 31 36 22 22 19 9 1 0 1 0 0 0
2004 0 0 0 0 1 0 7 5 7 43 32 30 59 57 57 70 51 53 41 27 17 13 19 12 7 4 6 6 9 18 19 18 31 40 31 20 12 1 3 1 1 0 1 0
2005 0 0 4 5 2 2 2 0 2 28 36 45 62 47 56 47 39 40 40 23 40 19 12 6 9 6 3 6 10 9 6 16 22 26 21 17 12 6 4 0 0 0 0 0
2006 0 0 0 0 0 1 17 42 83 93 95 83 79 71 89 105 108 95 109 68 74 58 43 32 43 25 11 8 10 24 15 35 41 57 57 29 26 12 11 4 0 2 0 0
2007 0 0 0 0 0 0 0 0 0 41 74 89 114 147 188 192 172 175 161 129 98 114 64 68 53 59 23 24 16 12 14 38 33 35 36 24 16 9 2 1 1 2 0 0
2008 0 0 0 0 0 0 0 0 2 40 56 69 100 103 173 194 207 238 222 200 163 188 112 85 79 56 37 29 18 16 16 18 29 21 25 17 20 5 3 1 0 1 0 0
2009 0 0 0 5 51 53 54 88 126 131 149 135 206 223 212 225 230 240 228 273 247 205 195 160 107 72 61 31 17 20 16 14 23 24 17 18 7 6 2 0 0 1 0 0
2010 0 0 0 0 25 34 59 47 57 59 92 115 124 134 165 201 201 203 197 203 174 141 106 84 48 34 21 16 6 9 16 17 18 25 20 20 8 4 0 0 0 1 0 0
2011 0 0 0 1 50 101 116 92 89 74 53 83 90 101 139 160 162 164 164 141 164 131 105 78 64 37 27 13 11 5 5 4 6 8 10 3 1 2 0 0 0 0 0 0
