# Number of parameters = 132  Objective function value = 13490.3  Maximum gradient component = 0.148353
# theta[1]:
9.34918445023
# theta[2]:
7.53770500050
# theta[3]:
0.300792849227
# theta[4]:
36.4600000000
# theta[5]:
0.180000000000
# theta[6]:
0.750000000000
# theta[7]:
15.2368511262
# theta[8]:
0.578744650138
# log_bar_f:
 -2.73409253768 -0.651002880886
# log_tau:
 0.574884253910 2.86428152821
# sel_par[1]:
 6.18188063130 2.10547428179
# sel_par[2]:
 -3.87649359929 -1.03010961528 0.595764192666 1.26468992761 0.722245053252 0.227691721597 -0.453945188545 -0.252408631288 0.727788247404 1.05417772475 1.02060016711
# ddot_r_devs:
 -1.22195698336 -0.698173947814 -0.549581630457 -0.489409170415 -0.166150977199 0.366220284060 0.840392486613 0.949623899046 0.747081605764 0.473633395516 0.249796799889 0.0976628018460 0.00521481721384 -0.0452320773446 -0.0683705787164 -0.0750768867449 -0.0725337387150 -0.0653351821738 -0.0562531895521 -0.0469602262598 -0.0383185976163 -0.0307304891670 -0.0243131350977 -0.0190318241405 -0.0147640319663 -0.0113741990304 -0.00871948249890 -0.00665519976531 -0.00505852412128 -0.00383570681087 -0.00290804308694 -0.00219381224725 -0.00165240364369 -0.00124204430088 -0.000935148180803 -0.000703996149588 -0.000531334102563 -0.000398964656111 -0.000306156913409 -0.000231128176667 -0.000173611424886 -0.000135802156655 -0.000121442269279 -0.000121622429078 -0.000134801244416
# bar_r_devs:
 1.08982185058 0.434194405138 -0.710634736012 0.996295061915 -1.18663628930 -1.68001153208 -0.445761560975 -0.868840703681 -0.798928879830 -0.348730599900 -0.335502529683 0.0715107886801 -0.197699607602 0.173800717312 -0.292822705815 0.200698792832 1.62715986797 -1.12534196393 0.704206105468 1.17692673880 0.470880608774 1.04541617133
# l_infty_devs:
 0.00000000000 0.00000000000 0.00000000000 0.00000000000 0.00000000000 0.00000000000 0.00000000000 0.00000000000 0.00000000000 0.00000000000 0.00000000000 0.00000000000 0.00000000000 0.00000000000 0.00000000000 0.00000000000 0.00000000000 0.00000000000 0.00000000000 0.00000000000 0.00000000000 0.00000000000
# bar_f_devs:
 -0.583984530144 -1.07148293355 -1.06335843907 -0.823600757466 -0.714280692571 -0.0149989604466 0.373803857292 0.145713401335 0.794388925439 0.936973463999 0.936317876172 0.295651599453 0.0748520397065 0.538587787737 0.407009305194 0.418336000305 0.0879465528480 -0.0568987715927 -0.599420145274 -0.0815555793659
 -0.835851430769 -0.0726553670370 -0.697042542848 -0.409941600106 -0.459265517792 -0.285681043832 0.650296628633 0.605024192926 0.633682469168 0.525957761706 0.615163745408 0.314890181981 0.406035024290 0.325351224521 -0.0835667764837 0.130404996966 0.0258030518955 -0.793578378625 -0.0829478370104 -0.0297054385799 -0.129966891829 -0.0920631922686 -0.260343260313
