# Number of parameters = 121  Objective function value = -887.598  Maximum gradient component = 1340.65
# theta[1]:
7.50357909265
# theta[2]:
7.62281920935
# theta[3]:
0.200082556828
# theta[4]:
36.4600000000
# theta[5]:
0.180000000000
# theta[6]:
0.750000000000
# theta[7]:
9.99935620213
# theta[8]:
0.199953093997
# log_bar_f:
 -2.29975910779 -2.29992176126
# log_tau:
 1.10000000000 1.10000000000
# sel_par[1]:
 2.70819827278 1.09851078439
# sel_par[2]:
 2.28658955012 3.39309907731
# ddot_r_devs:
 -1.13028194863 0.0151921947667 -0.549463541262 1.05686234827 -0.378976430649 -0.859940207093 -0.800487053747 -0.536465502297 -0.236910220117 0.0168812972564 0.194966355097 0.298325504738 0.342734985343 0.347166378204 0.327804514044 0.296323866813 0.260286495944 0.224182901058 0.190437881703 0.160178869712 0.133763017584 0.111117431191 0.0919495060832 0.0758723806494 0.0624767097146 0.0513693889404 0.0421925132311 0.0346307269776 0.0284121611809 0.0233058984986 0.0191179500794 0.0156866528930 0.0128781232926 0.0105820661810 0.00870805452808 0.00718235077399 0.00594522690891 0.00494876486227 0.00415510461941 0.00353510240154 0.00306735616451 0.00273761014805 0.00253852623261 0.00246982137881 0.00253886632382
# bar_r_devs:
 -1.19280190901 0.362422840417 0.0508271708160 0.371942655569 -0.288128413984 -0.359050954677 0.886146067471 -0.854943507567 -0.170164572452 0.295881578014 -0.195778143440 0.262527744665 -0.310376400575 0.873073919602 0.371350563181 -0.238355422695 0.118878084896 -0.188413189139 0.137708789797 -0.210048496228 -0.815301866347 1.09260346169
# l_infty_devs:
 0.00000000000 0.00000000000 0.00000000000 0.00000000000 0.00000000000 0.00000000000 0.00000000000 0.00000000000 0.00000000000 0.00000000000 0.00000000000 0.00000000000 0.00000000000 0.00000000000 0.00000000000 0.00000000000 0.00000000000 0.00000000000 0.00000000000 0.00000000000 0.00000000000 0.00000000000
# bar_f_devs:
 0.00000000000 0.00000000000 0.00000000000 0.00000000000 0.00000000000 0.00000000000 0.00000000000 0.00000000000 0.00000000000 0.00000000000 0.00000000000 0.00000000000 0.00000000000 0.00000000000 0.00000000000 0.00000000000 0.00000000000 0.00000000000 0.00000000000 0.00000000000
 0.00000000000 0.00000000000 0.00000000000 0.00000000000 0.00000000000 0.00000000000 0.00000000000 0.00000000000 0.00000000000 0.00000000000 0.00000000000 0.00000000000 0.00000000000 0.00000000000 0.00000000000 0.00000000000 0.00000000000 0.00000000000 0.00000000000 0.00000000000 0.00000000000 0.00000000000 0.00000000000
