 402 419918 -419918
 131 -372505 -372505
 130 -372493 -372493
 129 -372481 -372481
 139 -372389 -372389
 147 -372377 -372377
 146 -372278 -372278
 134 -372274 -372274
 145 -372131 -372131
 128 -371885 -371885
 140 -371725 -371725
 127 -371607 -371607
 148 -371255 -371255
 138 -371241 -371241
 144 -371089 -371089
 142 -371083 -371083
 133 -370957 -370957
 126 -370767 -370767
 135 -370603 -370603
 141 -370588 -370588
 136 -370437 -370437
 137 -369144 -369144
 132 -367659 -367659
 143 -364661 -364661
 117 -172504 -172504
 121 -172470 -172470
 111 -172460 -172460
 122 -172452 -172452
 120 -172420 -172420
 113 -172383 -172383
 118 -172370 -172370
 123 -172339 -172339
 112 -172158 -172158
 106 -172037 -172037
 125 -171879 -171879
 115 -171650 -171650
 119 -171451 -171451
 114 -171395 -171395
 124 -171216 -171216
 110 -170904 -170904
 107 -170823 -170823
 109 -170666 -170666
 108 -169964 -169964
 116 -169081 -169081
 422 -120379 -120379
 423 1488.83 -1488.83
 403 1159.03 -1159.03
 404 938.965 -938.965
 429 -925.851 -925.851
 411 -489.874 -489.874
 428 460.122 -460.122
 405 -403.121 -403.121
 407 -389.081 -389.081
 406 337.459 -337.459
 424 262.276 -262.276
 430 206.279 -206.279
 412 193.868 -193.868
 415 183.891 -183.891
 426 -179.639 -179.639
 431 167.592 -167.592
 408 167.474 -167.474
 416 -166.388 -166.388
 432 -137.335 -137.335
 413 -125.687 -125.687
 433 113.164 -113.164
 409 -110.533 -110.533
 417 108.85 -108.85
 427 -92.7694 -92.7694
 434 81.304 -81.304
 435 -78.5852 -78.5852
 410 77.9306 -77.9306
 436 41.7403 -41.7403
 418 -32.0285 -32.0285
 421 -31.9736 -31.9736
 419 -23.3359 -23.3359
 425 22.7168 -22.7168
 298 -18.1033 -18.1033
 414 -16.8861 -16.8861
 438 -15.1824 -15.1824
 420 -10.4993 -10.4993
 439 9.48395 -9.48395
 297 9.19484 -9.19484
 2 8.28997 -8.28997
 440 -8.20576 -8.20576
 441 7.56039 -7.56039
 437 -6.77219 -6.77219
 443 3.91125 -3.91125
 37 -3.89699 -3.89699
 442 -3.63984 -3.63984
 87 3.51424 -3.51424
 383 -3.47851 -3.47851
 91 -3.27981 -3.27981
 399 -3.03742 -3.03742
 395 2.88065 -2.88065
 444 -2.72142 -2.72142
 104 -2.59804 -2.59804
 102 2.20887 -2.20887
 100 1.95436 -1.95436
 1 1.81256 -1.81256
 400 1.69406 -1.69406
 393 -1.60789 -1.60789
 92 -1.49984 -1.49984
 396 1.43573 -1.43573
 90 -1.4184 -1.4184
 95 -1.29768 -1.29768
 324 -1.29731 -1.29731
 30 1.2431 -1.2431
 99 1.14635 -1.14635
 387 -1.13242 -1.13242
 96 1.11511 -1.11511
 84 1.08536 -1.08536
 97 1.05558 -1.05558
 28 1.01521 -1.01521
 3 -0.977065 -0.977065
 94 -0.965015 -0.965015
 391 -0.939949 -0.939949
 40 0.938182 -0.938182
 335 0.822264 -0.822264
 93 -0.779829 -0.779829
 327 0.775921 -0.775921
 326 -0.775172 -0.775172
 8 0.764243 -0.764243
 101 0.737277 -0.737277
 318 0.716115 -0.716115
 401 0.715372 -0.715372
 89 -0.69362 -0.69362
 323 0.683493 -0.683493
 333 0.682905 -0.682905
 5 -0.655538 -0.655538
 105 0.647945 -0.647945
 336 0.640279 -0.640279
 392 -0.602304 -0.602304
 88 -0.593824 -0.593824
 27 0.540498 -0.540498
 6 -0.537544 -0.537544
 380 -0.500823 -0.500823
 39 0.464194 -0.464194
 35 -0.450085 -0.450085
 454 -0.44764 -0.44764
 29 0.428274 -0.428274
 338 -0.426132 -0.426132
 332 0.410186 -0.410186
 329 -0.40969 -0.40969
 337 -0.4069 -0.4069
 85 -0.374988 -0.374988
 26 0.363614 -0.363614
 328 -0.36271 -0.36271
 316 -0.358472 -0.358472
 303 0.357685 -0.357685
 22 0.347253 -0.347253
 455 -0.340437 -0.340437
 339 -0.331388 -0.331388
 299 -0.330854 -0.330854
 103 0.321821 -0.321821
 331 -0.320155 -0.320155
 388 0.317769 -0.317769
 390 0.308937 -0.308937
 389 0.294689 -0.294689
 325 0.291505 -0.291505
 32 0.269923 -0.269923
 310 0.240461 -0.240461
 382 0.239391 -0.239391
 301 -0.23342 -0.23342
 320 0.227952 -0.227952
 340 0.209789 -0.209789
 312 0.207012 -0.207012
 344 -0.192196 -0.192196
 330 -0.188162 -0.188162
 80 -0.187722 -0.187722
 81 -0.184087 -0.184087
 345 -0.176098 -0.176098
 385 0.174138 -0.174138
 397 -0.173193 -0.173193
 25 0.17289 -0.17289
 313 0.170073 -0.170073
 50 -0.169021 -0.169021
 79 -0.162588 -0.162588
 322 -0.1622 -0.1622
 73 -0.158474 -0.158474
 82 -0.157173 -0.157173
 65 -0.155853 -0.155853
 75 -0.155324 -0.155324
 48 -0.152772 -0.152772
 46 0.152486 -0.152486
 43 -0.151462 -0.151462
 74 -0.150817 -0.150817
 72 -0.149468 -0.149468
 70 -0.148724 -0.148724
 317 -0.148139 -0.148139
 71 -0.146968 -0.146968
 311 0.146777 -0.146777
 66 -0.146056 -0.146056
 343 -0.14406 -0.14406
 64 -0.142516 -0.142516
 78 -0.142124 -0.142124
 67 -0.141462 -0.141462
 76 -0.141378 -0.141378
 42 -0.137131 -0.137131
 361 0.136375 -0.136375
 53 -0.134678 -0.134678
 59 -0.134171 -0.134171
 346 -0.134127 -0.134127
 366 0.133424 -0.133424
 68 -0.132733 -0.132733
 49 -0.130267 -0.130267
 77 -0.130119 -0.130119
 58 -0.125195 -0.125195
 314 0.123024 -0.123024
 41 0.122916 -0.122916
 321 0.122269 -0.122269
 61 -0.120473 -0.120473
 63 -0.118698 -0.118698
 83 -0.117926 -0.117926
 69 -0.117846 -0.117846
 386 -0.115835 -0.115835
 365 0.114822 -0.114822
 62 -0.112852 -0.112852
 359 0.105767 -0.105767
 356 0.104725 -0.104725
 315 0.103771 -0.103771
 60 -0.103213 -0.103213
 360 0.102473 -0.102473
 355 0.100417 -0.100417
 24 -0.0997741 -0.0997741
 370 0.0955352 -0.0955352
 394 0.0952399 -0.0952399
 369 0.0925066 -0.0925066
 357 0.0901006 -0.0901006
 56 -0.0896931 -0.0896931
 354 0.0888913 -0.0888913
 362 0.0872191 -0.0872191
 33 0.0863696 -0.0863696
 466 -0.0860224 -0.0860224
 374 0.0854348 -0.0854348
 47 -0.0832077 -0.0832077
 367 0.0824936 -0.0824936
 384 0.0816268 -0.0816268
 54 -0.079022 -0.079022
 398 -0.0759512 -0.0759512
 302 0.0759305 -0.0759305
 57 -0.0755657 -0.0755657
 375 0.074767 -0.074767
 363 0.0747228 -0.0747228
 352 0.0738049 -0.0738049
 44 -0.0736204 -0.0736204
 368 0.0733536 -0.0733536
 364 0.0726483 -0.0726483
 17 0.0718664 -0.0718664
 16 0.0718537 -0.0718537
 52 -0.0685961 -0.0685961
 307 0.0663346 -0.0663346
 453 -0.0634127 -0.0634127
 347 -0.0633076 -0.0633076
 371 0.0630569 -0.0630569
 51 -0.0607585 -0.0607585
 358 0.060527 -0.060527
 381 0.0558396 -0.0558396
 342 -0.0535352 -0.0535352
 55 -0.0535163 -0.0535163
 353 0.052202 -0.052202
 341 0.0518321 -0.0518321
 306 0.0514427 -0.0514427
 45 0.051404 -0.051404
 15 0.048543 -0.048543
 86 0.0481547 -0.0481547
 98 -0.0470738 -0.0470738
 373 0.0463433 -0.0463433
 348 -0.0450447 -0.0450447
 13 -0.0443963 -0.0443963
 468 -0.0443839 -0.0443839
 21 -0.0428685 -0.0428685
 590 0.0400082 -0.0400082
 376 0.0387055 -0.0387055
 7 0.0372057 -0.0372057
 19 0.036708 -0.036708
 379 0.0366206 -0.0366206
 372 0.0358633 -0.0358633
 448 0.034358 -0.034358
 34 -0.0342969 -0.0342969
 14 0.0330395 -0.0330395
 304 -0.0313967 -0.0313967
 308 0.0312843 -0.0312843
 12 0.03039 -0.03039
 350 -0.027894 -0.027894
 10 0.0278179 -0.0278179
 588 0.0270879 -0.0270879
 31 0.0246212 -0.0246212
 591 -0.0216216 -0.0216216
 465 0.02135 -0.02135
 589 -0.021188 -0.021188
 592 0.0208354 -0.0208354
 586 0.0199813 -0.0199813
 451 -0.0196515 -0.0196515
 464 0.0170101 -0.0170101
 351 0.016991 -0.016991
 20 0.0166532 -0.0166532
 479 0.0160837 -0.0160837
 452 0.01529 -0.01529
 456 -0.0130637 -0.0130637
 170 -0.0101052 -0.0101052
 587 -0.00970633 -0.00970633
 349 -0.00939082 -0.00939082
 159 -0.00893301 -0.00893301
 18 -0.00792957 -0.00792957
 309 0.00768875 -0.00768875
 481 -0.00752411 -0.00752411
 460 -0.00719461 -0.00719461
 535 0.00646064 -0.00646064
 36 0.00559696 -0.00559696
 458 -0.00553891 -0.00553891
 158 -0.00531305 -0.00531305
 461 -0.00485808 -0.00485808
 378 0.00470524 -0.00470524
 459 -0.00458994 -0.00458994
 305 0.00430145 -0.00430145
 472 0.0039801 -0.0039801
 536 -0.00396222 -0.00396222
 477 0.00384906 -0.00384906
 475 -0.00382841 -0.00382841
 548 -0.00354745 -0.00354745
 543 -0.00352712 -0.00352712
 447 0.00297074 -0.00297074
 474 0.00293807 -0.00293807
 4 -0.00279244 -0.00279244
 469 -0.00273396 -0.00273396
 476 0.00267435 -0.00267435
 9 -0.00263466 -0.00263466
 478 0.00253745 -0.00253745
 462 -0.00239994 -0.00239994
 300 -0.00226547 -0.00226547
 463 -0.00222346 -0.00222346
 471 -0.00214066 -0.00214066
 483 -0.00205823 -0.00205823
 11 0.001889 -0.001889
 377 0.00183494 -0.00183494
 184 -0.0018248 -0.0018248
 480 -0.00181108 -0.00181108
 185 -0.001778 -0.001778
 155 -0.00175655 -0.00175655
 582 -0.00163806 -0.00163806
 531 0.00162817 -0.00162817
 583 0.00161178 -0.00161178
 484 -0.00159234 -0.00159234
 541 0.00154813 -0.00154813
 533 -0.00149479 -0.00149479
 486 0.00145739 -0.00145739
 151 0.00144571 -0.00144571
 585 0.00137818 -0.00137818
 485 0.00132793 -0.00132793
 579 -0.00127061 -0.00127061
 487 0.00124074 -0.00124074
 545 0.00123207 -0.00123207
 157 -0.00120719 -0.00120719
 470 0.00114422 -0.00114422
 527 -0.00113999 -0.00113999
 584 -0.00108931 -0.00108931
 547 0.00106689 -0.00106689
 514 -0.00102869 -0.00102869
 509 -0.00101612 -0.00101612
 492 0.0010105 -0.0010105
 538 -0.0010022 -0.0010022
 493 0.000981281 -0.000981281
 445 -0.000930829 -0.000930829
 473 -0.000905897 -0.000905897
 513 -0.000882041 -0.000882041
 156 0.000823783 -0.000823783
 488 -0.000822847 -0.000822847
 168 0.000816973 -0.000816973
 507 -0.000779373 -0.000779373
 494 0.000769544 -0.000769544
 534 0.000759827 -0.000759827
 508 -0.000758941 -0.000758941
 504 -0.000751622 -0.000751622
 518 -0.000747339 -0.000747339
 152 0.000730324 -0.000730324
 491 0.000727364 -0.000727364
 517 -0.000720339 -0.000720339
 503 -0.000709447 -0.000709447
 522 -0.000671197 -0.000671197
 161 0.000668406 -0.000668406
 510 -0.000658039 -0.000658039
 505 -0.000654653 -0.000654653
 287 -0.000640202 -0.000640202
 515 -0.000639492 -0.000639492
 163 0.000639257 -0.000639257
 539 0.000637212 -0.000637212
 449 0.00062671 -0.00062671
 502 -0.000619435 -0.000619435
 258 0.000609431 -0.000609431
 169 0.000607279 -0.000607279
 160 0.000603853 -0.000603853
 565 -0.000603248 -0.000603248
 523 -0.000593776 -0.000593776
 162 0.000580617 -0.000580617
 164 0.000576999 -0.000576999
 516 -0.000571364 -0.000571364
 532 -0.000565427 -0.000565427
 511 -0.000565044 -0.000565044
 262 -0.000563846 -0.000563846
 165 0.000562566 -0.000562566
 512 -0.000552883 -0.000552883
 166 0.000551244 -0.000551244
 537 -0.000545651 -0.000545651
 183 -0.000518567 -0.000518567
 580 0.000510963 -0.000510963
 540 0.000500067 -0.000500067
 519 -0.000495217 -0.000495217
 500 -0.000492752 -0.000492752
 569 0.000492145 -0.000492145
 450 -0.000473242 -0.000473242
 167 0.000469226 -0.000469226
 564 0.000452309 -0.000452309
 457 -0.000450309 -0.000450309
 506 -0.00044055 -0.00044055
 265 0.000432322 -0.000432322
 549 -0.000407489 -0.000407489
 282 0.000399627 -0.000399627
 495 0.000378229 -0.000378229
 154 0.000376392 -0.000376392
 521 -0.000365061 -0.000365061
 263 -0.00035591 -0.00035591
 501 -0.000355425 -0.000355425
 270 -0.000351375 -0.000351375
 530 -0.00035014 -0.00035014
 153 -0.000347049 -0.000347049
 568 0.000345738 -0.000345738
 446 0.00033959 -0.00033959
 524 -0.000306501 -0.000306501
 528 0.000301193 -0.000301193
 544 -0.000300895 -0.000300895
 182 -0.000293476 -0.000293476
 520 -0.000283182 -0.000283182
 496 0.0002804 -0.0002804
 259 0.000270401 -0.000270401
 529 -0.000265126 -0.000265126
 172 0.000263868 -0.000263868
 257 -0.000263555 -0.000263555
 490 0.000253834 -0.000253834
 267 -0.000246134 -0.000246134
 244 0.000243955 -0.000243955
 294 0.000241675 -0.000241675
 574 0.00023225 -0.00023225
 179 -0.000229223 -0.000229223
 489 -0.000228534 -0.000228534
 567 0.000223981 -0.000223981
 290 0.000221844 -0.000221844
 175 -0.000216574 -0.000216574
 268 0.000199909 -0.000199909
 255 -0.000196724 -0.000196724
 284 -0.000191618 -0.000191618
 264 0.000191602 -0.000191602
 498 0.000181023 -0.000181023
 177 -0.000179345 -0.000179345
 275 -0.00017738 -0.00017738
 254 0.000176759 -0.000176759
 566 0.000173275 -0.000173275
 260 -0.000163298 -0.000163298
 296 0.000153789 -0.000153789
 578 -0.000150053 -0.000150053
 542 -0.000149022 -0.000149022
 266 0.000148849 -0.000148849
 150 -0.000147841 -0.000147841
 181 -0.000144892 -0.000144892
 269 0.000142105 -0.000142105
 173 -0.000132605 -0.000132605
 295 -0.000126918 -0.000126918
 281 -0.000125966 -0.000125966
 247 -0.000120918 -0.000120918
 280 0.000117246 -0.000117246
 560 -0.000116685 -0.000116685
 285 -0.000116598 -0.000116598
 279 0.0001158 -0.0001158
 292 0.000115352 -0.000115352
 499 -0.000113096 -0.000113096
 196 0.000110448 -0.000110448
 197 0.000108639 -0.000108639
 195 0.000100813 -0.000100813
 293 -0.000100629 -0.000100629
 198 9.91998e-05 -9.91998e-05
 277 -9.50522e-05 -9.50522e-05
 199 9.33003e-05 -9.33003e-05
 289 8.95965e-05 -8.95965e-05
 233 -8.92124e-05 -8.92124e-05
 149 -8.72967e-05 -8.72967e-05
 561 8.60238e-05 -8.60238e-05
 241 8.49189e-05 -8.49189e-05
 200 8.41722e-05 -8.41722e-05
 261 -8.38197e-05 -8.38197e-05
 180 -8.23046e-05 -8.23046e-05
 276 8.20183e-05 -8.20183e-05
 194 7.92205e-05 -7.92205e-05
 273 -7.54777e-05 -7.54777e-05
 575 7.31857e-05 -7.31857e-05
 188 -7.20648e-05 -7.20648e-05
 245 -7.0376e-05 -7.0376e-05
 187 -7.01466e-05 -7.01466e-05
 238 6.96028e-05 -6.96028e-05
 201 6.80574e-05 -6.80574e-05
 186 6.59036e-05 -6.59036e-05
 252 -6.53742e-05 -6.53742e-05
 178 -6.45607e-05 -6.45607e-05
 256 6.38008e-05 -6.38008e-05
 202 6.1794e-05 -6.1794e-05
 562 6.05809e-05 -6.05809e-05
 497 6.02709e-05 -6.02709e-05
 274 5.95935e-05 -5.95935e-05
 243 5.62655e-05 -5.62655e-05
 563 -5.62403e-05 -5.62403e-05
 236 -5.5333e-05 -5.5333e-05
 546 5.52373e-05 -5.52373e-05
 234 5.42971e-05 -5.42971e-05
 239 -5.25133e-05 -5.25133e-05
 577 5.19813e-05 -5.19813e-05
 271 5.00582e-05 -5.00582e-05
 237 -5.00527e-05 -5.00527e-05
 288 -4.58791e-05 -4.58791e-05
 203 4.28063e-05 -4.28063e-05
 213 -4.28051e-05 -4.28051e-05
 253 -4.11765e-05 -4.11765e-05
 581 -4.05284e-05 -4.05284e-05
 217 -4.04812e-05 -4.04812e-05
 218 -3.97928e-05 -3.97928e-05
 283 3.8619e-05 -3.8619e-05
 176 -3.84773e-05 -3.84773e-05
 192 -3.81506e-05 -3.81506e-05
 221 -3.78816e-05 -3.78816e-05
 212 -3.78483e-05 -3.78483e-05
 526 -3.76008e-05 -3.76008e-05
 220 -3.63323e-05 -3.63323e-05
 222 -3.62685e-05 -3.62685e-05
 214 -3.5486e-05 -3.5486e-05
 216 -3.49358e-05 -3.49358e-05
 219 -3.42017e-05 -3.42017e-05
 215 -3.37779e-05 -3.37779e-05
 556 -3.35053e-05 -3.35053e-05
 240 3.19503e-05 -3.19503e-05
 249 -3.18192e-05 -3.18192e-05
 211 -3.09799e-05 -3.09799e-05
 226 -3.00989e-05 -3.00989e-05
 223 -2.98299e-05 -2.98299e-05
 232 2.85448e-05 -2.85448e-05
 225 -2.74361e-05 -2.74361e-05
 189 -2.66541e-05 -2.66541e-05
 227 -2.63593e-05 -2.63593e-05
 193 2.58514e-05 -2.58514e-05
 224 -2.56678e-05 -2.56678e-05
 190 -2.45469e-05 -2.45469e-05
 559 2.431e-05 -2.431e-05
 191 -2.38827e-05 -2.38827e-05
 242 -2.27856e-05 -2.27856e-05
 204 2.2562e-05 -2.2562e-05
 572 -2.16299e-05 -2.16299e-05
 228 -2.13936e-05 -2.13936e-05
 250 2.13466e-05 -2.13466e-05
 558 -2.06704e-05 -2.06704e-05
 205 1.89767e-05 -1.89767e-05
 235 1.77849e-05 -1.77849e-05
 278 -1.54418e-05 -1.54418e-05
 229 -1.49445e-05 -1.49445e-05
 210 -1.49262e-05 -1.49262e-05
 525 -1.46282e-05 -1.46282e-05
 231 -1.42966e-05 -1.42966e-05
 272 1.38948e-05 -1.38948e-05
 230 -1.37508e-05 -1.37508e-05
 557 1.32464e-05 -1.32464e-05
 246 1.18555e-05 -1.18555e-05
 174 -1.1095e-05 -1.1095e-05
 555 1.09772e-05 -1.09772e-05
 206 7.59746e-06 -7.59746e-06
 576 -6.63432e-06 -6.63432e-06
 209 -6.25403e-06 -6.25403e-06
 482 4.92803e-06 -4.92803e-06
 554 -4.58758e-06 -4.58758e-06
 248 -4.18518e-06 -4.18518e-06
 571 -2.85975e-06 -2.85975e-06
 551 -2.84051e-06 -2.84051e-06
 552 -2.40356e-06 -2.40356e-06
 207 1.97738e-06 -1.97738e-06
 553 1.93581e-06 -1.93581e-06
 251 -1.83644e-06 -1.83644e-06
 573 -1.71664e-06 -1.71664e-06
 291 1.33416e-06 -1.33416e-06
 286 5.83088e-07 -5.83088e-07
 208 -8.00818e-08 -8.00818e-08
 334 -3.34893e-08 -3.34893e-08
 38 -2.16292e-08 -2.16292e-08
 550 -2.52372e-09 -2.52372e-09
 570 1.09943e-09 -1.09943e-09
 23 0 -0
 467 -0 -0
 171 0 -0
 319 0 -0
