      index  analytical        finite     % error 
                              difference 
         1       1.81256       1.81268   6.33851e-05
         2       8.28997       8.29058   7.28059e-05
         3     -0.977065     -0.977065   1.16099e-07
         4   -0.00279244   -0.00279251   2.67214e-05
         5     -0.655538     -0.655538   1.94475e-07
         6     -0.537544     -0.537539   9.12664e-06
         7     0.0372057     0.0372056    1.3055e-06
         8      0.764243      0.764244   6.93841e-07
         9   -0.00263466   -0.00263462   1.50786e-05
        10     0.0278179     0.0278178   3.25655e-06
        11      0.001889    0.00188811   0.000471007
        12       0.03039     0.0303902   8.21423e-06
        13    -0.0443963    -0.0443957   1.25318e-05
        14     0.0330395     0.0330401   1.94307e-05
        15      0.048543     0.0485434   7.46802e-06
        16     0.0718537     0.0718541   5.70175e-06
        17     0.0718664     0.0718672   1.12386e-05
        18   -0.00792957   -0.00792861   0.000120428
        19      0.036708     0.0367094   3.72085e-05
        20     0.0166532     0.0166536   2.18103e-05
        21    -0.0428685    -0.0428689   8.64397e-06
        22      0.347253      0.347254   2.12283e-06
        23             0             0             0
        24    -0.0997741    -0.0997734   7.00209e-06
        25       0.17289      0.172891   3.74263e-06
        26      0.363614      0.363616   5.93097e-06
        27      0.540498        0.5405   2.15012e-06
        28       1.01521       1.01521   8.96122e-07
        29      0.428274      0.428275   1.57149e-06
        30        1.2431       1.24311   1.03004e-06
        31     0.0246212     0.0246251   0.000159064
        32      0.269923      0.269926   1.02599e-05
        33     0.0863696     0.0863718   2.59594e-05
        34    -0.0342969    -0.0342974   1.60262e-05
        35     -0.450085     -0.450084     3.243e-06
        36    0.00559696    0.00559594   0.000181678
        37      -3.89699      -3.89699   5.67137e-07
 **     38  -2.16292e-08             0     0.0211712
        39      0.464194      0.464236    9.0503e-05
        40      0.938182      0.938229   5.04587e-05
        41      0.122916      0.122957   0.000338301
        42     -0.137131      -0.13709   0.000297517
        43     -0.151462     -0.151408    0.00035598
        44    -0.0736204    -0.0735719   0.000658214
        45      0.051404     0.0514232   0.000372648
        46      0.152486      0.152492   4.13602e-05
        47    -0.0832077    -0.0832064   1.56424e-05
        48     -0.152772     -0.152771   2.94354e-06
        49     -0.130267     -0.130266   5.36382e-06
        50     -0.169021      -0.16902   2.54384e-06
        51    -0.0607585    -0.0607582    4.2449e-06
        52    -0.0685961    -0.0685952   1.29545e-05
        53     -0.134678     -0.134677   7.12356e-06
        54     -0.079022    -0.0790227   8.57284e-06
        55    -0.0535163    -0.0535165   3.88965e-06
        56    -0.0896931    -0.0896944   1.46468e-05
        57    -0.0755657    -0.0755663   7.70355e-06
        58     -0.125195     -0.125195   3.50498e-07
        59     -0.134171     -0.134171   7.87317e-07
        60     -0.103213     -0.103213   1.84487e-06
        61     -0.120473     -0.120473   1.64227e-06
        62     -0.112852     -0.112853   1.15222e-05
        63     -0.118698     -0.118699    5.9179e-06
        64     -0.142516     -0.142515    1.9914e-06
        65     -0.155853     -0.155852   4.13517e-06
        66     -0.146056     -0.146058   9.16398e-06
        67     -0.141462     -0.141463    5.3955e-06
        68     -0.132733     -0.132733   1.34829e-06
        69     -0.117846     -0.117846   2.27761e-06
        70     -0.148724     -0.148725   5.93828e-06
        71     -0.146968     -0.146968   4.30256e-06
        72     -0.149468     -0.149469   6.37837e-06
        73     -0.158474     -0.158475   6.48035e-06
        74     -0.150817     -0.150819   9.10454e-06
        75     -0.155324     -0.155325   1.75984e-06
        76     -0.141378     -0.141379   4.04489e-06
        77     -0.130119      -0.13012   1.07329e-05
        78     -0.142124     -0.142125   5.23073e-06
        79     -0.162588     -0.162589   3.77926e-06
        80     -0.187722     -0.187722   8.36887e-07
        81     -0.184087     -0.184087   3.03625e-06
        82     -0.157173     -0.157173   2.40249e-06
        83     -0.117926     -0.117926   1.06822e-06
        84       1.08536       1.08559   0.000208523
        85     -0.374988     -0.374984   9.60122e-06
 **     86     0.0481547     0.0482629    0.00224733
        87       3.51424       3.51449   7.01037e-05
        88     -0.593824     -0.593822   3.30483e-06
        89      -0.69362     -0.693618   2.95101e-06
        90       -1.4184      -1.41839   8.30017e-06
        91      -3.27981       -3.2798   4.58203e-06
        92      -1.49984      -1.49983   8.40926e-06
        93     -0.779829     -0.779763   8.44655e-05
        94     -0.965015      -0.96498   3.59958e-05
        95      -1.29768      -1.29746   0.000164598
        96       1.11511       1.11522   9.75522e-05
        97       1.05558       1.05568   0.000100204
 **     98    -0.0470738    -0.0469889    0.00180341
        99       1.14635       1.14642   6.59602e-05
       100       1.95436       1.95518   0.000421015
       101      0.737277      0.737278    9.8763e-07
       102       2.20887       2.20912   0.000112522
 **    103      0.321821       0.32227    0.00139639
       104      -2.59804        -2.598   1.50971e-05
       105      0.647945      0.648188   0.000374392
 **    106       -172037       -170300     0.0100956
 **    107       -170823       -167554     0.0191323
 **    108       -169964       -165815     0.0244114
 **    109       -170666       -167063     0.0211087
 **    110       -170904       -167589     0.0193991
       111       -172460       -172362   0.000566172
 **    112       -172158       -173633    0.00856531
 **    113       -172383       -173106    0.00419207
 **    114       -171395       -174132     0.0159677
 **    115       -171650       -174138     0.0144938
 **    116       -169081       -173798     0.0278998
 **    117       -172504       -172991    0.00282575
 **    118       -172370       -173143    0.00448963
 **    119       -171451       -174103     0.0154681
 **    120       -172420       -173159    0.00428593
 **    121       -172470       -172746    0.00159954
 **    122       -172452       -172183    0.00155836
 **    123       -172339       -172699    0.00208655
 **    124       -171216       -168412     0.0163776
 **    125       -171879       -173734     0.0107923
 **    126       -370767       -369148    0.00436698
 **    127       -371607       -372814    0.00324808
 **    128       -371885       -372677    0.00212923
       129       -372481       -372299   0.000489092
 **    130       -372493       -373002    0.00136708
       131       -372505       -372735   0.000616547
 **    132       -367659       -370518    0.00777876
 **    133       -370957       -372585    0.00438746
 **    134       -372274       -372848    0.00154183
 **    135       -370603       -372410     0.0048778
 **    136       -370437       -372378    0.00523932
 **    137       -369144       -371605    0.00666586
 **    138       -371241       -372733    0.00402154
 **    139       -372389       -371949    0.00118256
 **    140       -371725       -370590     0.0030529
 **    141       -370588       -368715    0.00505427
 **    142       -371083       -369383    0.00458241
 **    143       -364661       -361028    0.00996497
 **    144       -371089       -369412    0.00451884
 **    145       -372131       -371339    0.00212994
 **    146       -372278       -371564    0.00191941
       147       -372377       -372152   0.000602598
 **    148       -371255       -369768    0.00400665
