#Data for HBC 1989:2011
#syr, nyr, dt
1989 2011 1
#Number of gears
2
#nbin
46
#xbin
5 6 7 8 9
10 11 12 13 14
15 16 17 18 19
20 21 22 23 24
25 26 27 28 29
30 31 32 33 34
35 36 37 38 39
40 41 42 43 44
45 46 47 48 49
50
#Array dimensions(C)
20 38
23 45
#Array dimensions(MR)
20 37 2
23 44 2
#Length Intervals for (C)
12 14 15 16 17
18 19 20 21 22
23 24 25 26 27
28 29 30 31 32
33 34 35 36 37
38 39 40 41 42
43 44 45 46 47
48 49
6 7 8 9 10
11 12 13 14 15
16 17 18 19 20
21 22 23 24 25
26 27 28 29 30
31 32 33 34 35
36 37 38 39 40
41 42 43 44 45
46 47 48 49
#Length Intervals for (MR)
12 14 15 16 17
18 19 20 21 22
23 24 25 26 27
28 29 30 31 32
33 34 35 36 37
38 39 40 41 42
43 44 45 46 47
48 49
6 7 8 9 10
11 12 13 14 15
16 17 18 19 20
21 22 23 24 25
26 27 28 29 30
31 32 33 34 35
36 37 38 39 40
41 42 43 44 45
46 47 48 49
#Captures by year (row) and length (col)
1989 1 0 0 0 1 0 2 4 2 2 7 1 3 1 3 4 4 10 19 16 38 38 30 31 24 21 32 14 4 2 2 1 1 2 1 0 0
1990 0 0 0 0 0 0 0 1 1 3 0 2 0 1 1 2 4 0 5 2 12 12 9 15 5 12 22 7 8 9 3 0 2 1 0 0 0
1991 0 0 6 12 9 4 11 5 10 4 11 11 10 9 12 14 11 28 28 45 41 51 55 52 67 47 58 47 20 12 7 6 4 0 2 2 0
1992 0 0 3 7 2 4 7 11 6 8 9 12 4 3 4 15 10 15 32 35 46 42 45 64 67 57 40 33 26 17 4 5 2 0 1 0 0
1993 0 2 4 3 3 11 13 14 15 19 16 16 14 15 14 16 19 20 25 44 46 61 72 78 66 78 57 60 33 19 9 5 3 4 1 0 1
1994 0 0 0 0 0 0 1 2 1 1 3 1 0 0 4 2 3 3 3 9 11 17 30 29 21 30 19 15 11 7 4 4 5 2 0 1 0
1995 0 0 0 0 0 0 0 0 0 0 0 0 1 1 1 2 1 2 2 6 4 7 14 16 13 15 10 4 9 6 3 0 1 0 0 0 0
1996 0 0 0 0 0 0 0 0 0 0 0 2 0 1 3 2 1 1 1 4 4 6 4 7 11 7 8 4 2 3 0 0 1 0 0 0 0
1997 0 0 0 0 0 0 0 1 0 1 1 0 0 1 2 0 0 1 4 7 12 13 14 20 19 23 16 8 6 1 1 1 1 0 0 0 0
1998 0 0 0 0 0 2 1 2 1 0 0 0 0 0 1 1 2 0 1 4 1 3 3 4 7 7 6 4 6 1 1 0 0 0 0 0 0
1999 0 0 0 0 0 3 0 3 1 2 0 1 1 1 0 1 1 2 1 0 4 1 1 3 3 6 3 6 3 6 1 0 0 0 0 0 0
2000 0 0 0 0 0 1 0 1 1 2 3 0 0 1 0 0 1 2 3 1 2 3 4 7 3 10 6 12 5 3 4 4 1 0 1 0 0
2001 0 0 0 0 0 2 6 6 9 8 4 5 2 1 1 0 4 2 0 4 2 6 15 15 19 28 37 21 19 8 4 2 1 1 0 0 1
2002 0 0 0 0 0 0 0 0 0 0 0 0 0 0 0 0 1 0 0 0 1 2 1 1 1 1 1 1 0 0 0 0 0 0 0 0 0
2003 0 0 0 0 0 0 0 1 0 0 1 1 0 0 0 0 0 0 0 0 2 1 1 1 1 2 7 0 5 2 0 1 0 1 0 0 0
2004 0 0 0 0 0 0 1 1 1 4 0 1 0 2 0 1 0 1 1 0 0 1 1 1 7 7 5 4 4 2 1 1 2 0 0 0 0
2005 0 0 0 0 1 3 11 9 14 8 8 9 0 1 0 4 0 2 1 1 2 2 5 4 10 7 22 18 15 4 3 5 3 0 1 0 0
2006 0 0 0 0 1 3 5 5 1 2 3 3 5 1 1 1 0 0 1 1 1 0 1 0 3 3 7 5 0 3 2 0 0 0 0 0 0
2007 0 0 0 0 1 10 35 31 28 18 12 16 11 8 8 6 1 1 1 1 0 1 2 1 6 4 4 5 5 5 2 0 1 0 0 0 0
2010 0 0 0 0 0 0 1 4 3 8 9 4 7 3 1 1 4 0 0 1 1 0 1 1 4 3 5 2 5 3 0 0 0 0 0 0 0
1989 0 0 0 0 0 0 2 2 3 19 24 46 34 29 42 40 26 14 16 11 12 12 8 10 12 21 21 21 16 23 27 16 14 17 7 4 3 1 3 1 0 0 0 0
1990 0 0 0 0 0 0 1 2 7 8 2 18 7 19 42 34 34 35 32 25 21 14 13 10 11 8 16 14 13 11 15 11 19 12 2 9 6 1 0 0 0 0 0 1
1991 0 0 0 0 0 0 0 0 5 259 340 306 264 276 253 199 169 155 135 165 142 131 154 123 92 97 89 110 93 90 97 61 61 46 24 18 9 4 2 3 3 2 0 0
1992 0 0 0 0 1 1 0 0 1 201 197 182 197 178 199 187 178 189 149 150 152 145 152 150 158 159 188 195 211 240 225 243 170 138 86 51 30 12 13 4 3 0 3 1
1993 0 0 0 0 0 0 0 18 49 655 563 598 414 381 274 197 212 184 139 138 136 163 157 149 134 147 169 156 196 210 242 173 151 125 78 56 29 10 6 1 2 0 1 0
1994 0 0 0 0 0 0 0 0 8 146 162 207 235 228 222 188 181 136 104 82 74 77 68 69 61 69 59 78 92 86 86 84 60 54 31 26 15 6 1 1 0 1 0 0
1995 0 0 0 0 0 0 0 0 0 75 62 62 61 88 64 81 76 66 61 48 69 57 65 73 96 78 84 109 106 137 117 124 120 92 48 33 22 8 2 4 0 1 0 0
1996 0 0 0 0 0 0 0 0 0 4 6 7 4 9 2 5 2 4 2 4 1 3 3 3 1 9 7 10 4 4 2 2 8 4 3 0 0 0 0 0 0 0 0 0
1997 0 0 0 0 0 0 0 0 0 6 5 0 2 3 4 4 6 2 2 2 1 3 1 0 0 0 1 2 2 0 2 4 3 2 0 1 0 0 0 0 0 0 0 0
1998 0 0 0 0 0 0 0 0 10 40 26 42 35 34 28 10 12 17 4 17 12 9 11 13 1 7 1 6 4 7 2 7 10 2 2 4 3 0 0 0 1 0 0 0
1999 0 0 0 0 14 18 11 24 30 44 35 21 19 20 16 15 18 6 2 4 3 6 3 3 2 7 2 2 6 9 7 6 11 8 9 4 2 3 1 0 0 0 0 0
2000 0 0 0 2 18 23 39 52 62 78 87 83 83 80 61 63 62 46 52 44 38 38 30 15 7 8 8 6 7 3 12 10 8 8 7 2 5 2 1 0 0 0 0 0
2001 0 0 0 14 327 304 286 297 289 280 281 283 238 253 184 154 110 125 76 63 58 52 41 26 20 11 10 8 13 19 22 33 29 26 25 23 16 4 2 1 0 0 0 0
2002 0 0 0 0 118 97 56 50 76 447 382 259 233 221 167 151 135 97 80 62 41 36 41 34 26 16 13 17 18 25 48 43 84 83 76 50 36 15 8 3 2 0 0 0
2003 0 0 1 5 65 40 22 25 34 159 209 204 259 208 153 124 96 50 31 25 23 15 15 16 9 3 8 4 19 25 26 25 37 42 24 24 20 11 1 0 1 0 0 0
2004 0 10 15 7 5 6 9 11 20 224 155 109 136 102 98 118 87 73 53 40 25 20 25 13 9 6 9 9 12 20 20 21 32 43 34 21 13 3 3 1 1 0 1 0
2005 1 11 45 35 23 15 17 9 13 221 186 178 201 162 147 98 69 66 57 43 53 28 19 12 12 8 4 9 13 10 9 18 24 30 28 17 13 7 6 0 0 0 0 0
2006 0 0 1 0 2 10 71 153 213 332 300 251 193 155 165 192 185 160 155 126 119 77 68 49 54 30 14 9 14 27 16 39 45 62 64 32 28 13 12 4 0 2 0 0
2007 0 0 0 0 0 0 0 2 1 244 331 369 381 365 383 346 309 279 242 195 139 142 86 85 64 68 25 28 19 16 15 44 34 39 39 27 18 10 2 1 1 3 0 0
2008 0 0 7 10 37 95 140 10 3 329 250 199 237 254 346 348 354 385 338 299 227 256 154 101 101 72 42 34 20 18 19 20 31 25 25 19 22 6 3 1 0 1 0 0
2009 0 0 2 21 513 465 424 334 370 435 424 357 399 385 322 345 346 346 329 368 324 271 245 183 129 89 65 39 20 22 19 14 23 26 17 18 7 7 2 0 0 1 0 0
2010 0 0 6 13 117 180 201 165 132 132 213 235 278 282 321 359 382 400 357 351 310 243 177 117 71 46 31 19 10 10 18 19 18 25 21 20 8 4 1 0 0 1 0 0
2011 0 0 0 6 393 538 539 403 304 239 162 159 148 159 211 247 239 246 231 221 232 183 154 102 85 51 38 19 17 5 6 5 7 8 11 4 2 2 0 0 0 0 0 0
#Marks by year (row) and length (col)
1989 0 0 0 0 0 0 1 2 2 2 7 1 3 1 3 3 3 9 15 14 37 36 26 29 20 20 30 14 4 2 2 1 1 2 1 0 0
1990 0 0 0 0 0 0 0 1 1 3 0 2 0 1 1 2 4 0 4 2 10 11 8 14 5 10 20 7 7 8 3 0 2 1 0 0 0
1991 0 0 4 2 0 2 8 3 7 3 6 7 9 9 9 11 6 25 20 34 25 40 45 38 52 37 42 37 15 11 6 4 4 0 1 2 0
1992 0 0 2 3 2 3 5 6 5 4 6 8 1 2 3 10 4 9 18 17 23 19 24 32 36 30 22 13 11 8 2 2 2 0 1 0 0
1993 0 1 1 3 3 10 9 10 6 9 8 5 4 4 2 5 4 5 2 12 10 18 13 16 19 16 14 11 9 6 3 1 2 0 1 0 1
1994 0 0 0 0 0 0 0 0 1 1 1 1 0 0 1 1 0 0 0 2 1 1 6 6 3 9 4 5 5 2 0 1 1 0 0 1 0
1995 0 0 0 0 0 0 0 0 0 0 0 0 0 0 0 1 0 0 0 1 0 2 2 5 1 3 1 1 0 1 0 0 0 0 0 0 0
1996 0 0 0 0 0 0 0 0 0 0 0 0 0 1 0 0 0 0 0 1 0 1 1 1 2 2 0 0 0 1 0 0 0 0 0 0 0
1997 0 0 0 0 0 0 0 1 0 0 0 0 0 1 0 0 0 0 0 0 3 1 3 3 6 4 3 1 2 0 1 1 0 0 0 0 0
1998 0 0 0 0 0 2 1 0 1 0 0 0 0 0 0 0 2 0 0 3 0 0 0 0 1 0 1 0 1 0 0 0 0 0 0 0 0
1999 0 0 0 0 0 3 0 2 1 2 0 1 1 0 0 1 0 1 0 0 0 0 0 2 0 1 1 0 1 3 0 0 0 0 0 0 0
2000 0 0 0 0 0 1 0 1 1 2 3 0 0 1 0 0 1 0 1 0 0 1 0 1 0 0 1 0 0 1 1 2 0 0 1 0 0
2001 0 0 0 0 0 2 6 5 6 7 3 3 1 1 1 0 3 1 0 2 0 1 3 2 1 3 3 1 3 0 1 0 1 0 0 0 0
2002 0 0 0 0 0 0 0 0 0 0 0 0 0 0 0 0 1 0 0 0 1 0 0 0 0 1 0 0 0 0 0 0 0 0 0 0 0
2003 0 0 0 0 0 0 0 1 0 0 0 1 0 0 0 0 0 0 0 0 0 1 0 0 0 0 0 0 0 0 0 0 0 1 0 0 0
2004 0 0 0 0 0 0 1 1 1 0 0 1 0 0 0 0 0 0 1 0 0 0 0 0 1 0 0 0 0 0 0 0 0 0 0 0 0
2005 0 0 0 0 1 3 9 7 9 7 6 5 0 0 0 3 0 1 0 1 2 0 1 1 3 0 3 2 2 0 0 0 0 0 0 0 0
2006 0 0 0 0 1 2 4 4 1 2 3 1 2 0 1 1 0 0 0 1 1 0 0 0 0 0 0 0 0 0 0 0 0 0 0 0 0
2007 0 0 0 0 1 9 31 26 19 15 8 13 6 5 3 2 1 0 0 0 0 1 1 0 2 0 0 1 1 0 0 0 0 0 0 0 0
2010 0 0 0 0 0 0 0 4 3 7 6 2 5 3 0 1 2 0 0 0 0 0 0 0 0 0 0 0 0 2 0 0 0 0 0 0 0
1989 0 0 0 0 0 0 2 2 3 16 18 34 29 28 33 35 25 11 15 9 11 12 8 10 11 20 19 17 14 19 25 16 12 12 6 3 2 1 3 1 0 0 0 0
1990 0 0 0 0 0 0 1 2 6 7 2 17 6 17 33 29 27 32 31 21 17 12 10 8 10 8 12 10 12 11 13 8 18 11 2 6 5 1 0 0 0 0 0 1
1991 0 0 0 0 0 0 0 0 1 204 211 187 152 161 160 117 97 90 89 105 78 69 104 82 64 63 66 70 78 69 69 44 44 33 19 12 6 2 1 3 2 1 0 0
1992 0 0 0 0 1 0 0 0 1 169 141 95 102 64 68 70 73 65 52 51 65 55 61 49 67 72 83 87 114 113 115 131 97 82 42 29 17 7 7 2 2 0 3 1
1993 0 0 0 0 0 0 0 15 40 553 395 389 232 200 124 69 56 39 28 26 34 38 29 26 28 38 39 34 49 66 74 53 55 40 25 21 15 2 2 0 1 0 1 0
1994 0 0 0 0 0 0 0 0 7 111 97 86 97 84 64 39 37 32 14 14 3 8 8 10 5 6 8 10 16 20 17 12 13 14 4 7 4 0 1 1 0 0 0 0
1995 0 0 0 0 0 0 0 0 0 59 47 39 28 39 23 12 16 16 6 9 12 7 5 6 8 5 10 13 20 25 9 16 16 15 7 4 7 0 0 0 0 0 0 0
1996 0 0 0 0 0 0 0 0 0 4 5 4 4 5 2 3 2 3 0 0 1 0 0 0 0 1 1 1 0 2 1 0 0 0 2 0 0 0 0 0 0 0 0 0
1997 0 0 0 0 0 0 0 0 0 4 4 0 2 2 4 3 2 1 2 0 0 1 0 0 0 0 0 0 1 0 0 1 0 1 0 0 0 0 0 0 0 0 0 0
1998 0 0 0 0 0 0 0 0 8 29 18 30 18 22 18 6 6 10 3 6 7 1 4 2 0 1 0 0 1 0 1 1 1 1 0 1 1 0 0 0 0 0 0 0
1999 0 0 0 0 14 18 10 21 24 44 33 17 16 18 14 10 14 5 1 2 1 2 2 2 0 1 1 0 2 0 1 0 0 1 0 2 0 0 0 0 0 0 0 0
2000 0 0 0 2 17 21 34 38 48 64 72 67 63 59 46 44 40 32 35 27 24 24 25 10 3 4 5 2 0 0 3 0 1 1 1 0 1 0 0 0 0 0 0 0
2001 0 0 0 12 277 235 206 182 159 142 123 130 99 82 54 54 38 39 33 21 21 18 16 14 12 3 3 2 2 2 1 0 2 0 1 1 3 1 0 0 0 0 0 0
2002 0 0 0 0 97 53 14 9 8 264 185 115 76 40 38 28 12 18 10 7 5 6 7 11 8 4 4 3 1 5 3 7 5 3 5 2 4 0 1 0 1 0 0 0
2003 0 0 1 5 64 36 21 23 31 136 160 154 156 123 72 56 30 21 8 8 4 1 4 4 2 1 0 0 6 1 2 3 6 6 2 2 1 2 0 0 0 0 0 0
2004 0 10 15 7 4 6 2 6 13 181 123 79 77 45 41 48 36 20 12 13 8 7 6 1 2 2 3 3 3 2 1 3 1 3 3 1 1 2 0 0 0 0 0 0
2005 1 11 41 30 21 13 15 9 11 193 150 133 139 115 91 51 30 26 17 20 13 9 7 6 3 2 1 3 3 1 3 2 2 4 7 0 1 1 2 0 0 0 0 0
2006 0 0 1 0 2 9 54 111 130 239 205 168 114 84 76 87 77 65 46 58 45 19 25 17 11 5 3 1 4 3 1 4 4 5 7 3 2 1 1 0 0 0 0 0
2007 0 0 0 0 0 0 0 2 1 203 257 280 267 218 195 154 137 104 81 66 41 28 22 17 11 9 2 4 3 4 1 6 1 4 3 3 2 1 0 0 0 1 0 0
2008 0 0 7 10 37 95 140 10 1 289 194 130 137 151 173 154 147 147 116 99 64 68 42 16 22 16 5 5 2 2 3 2 2 4 0 2 2 1 0 0 0 0 0 0
2009 0 0 2 16 462 412 370 246 244 304 275 222 193 162 110 120 116 106 101 95 77 66 50 23 22 17 4 8 3 2 3 0 0 2 0 0 0 1 0 0 0 0 0 0
2010 0 0 6 13 92 146 142 118 75 73 121 120 154 148 156 158 181 197 160 148 136 102 71 33 23 12 10 3 4 1 2 2 0 0 1 0 0 0 1 0 0 0 0 0
2011 0 0 0 5 343 437 423 311 215 165 109 76 58 58 72 87 77 82 67 80 68 52 49 24 21 14 11 6 6 0 1 1 1 0 1 1 1 0 0 0 0 0 0 0
#Recaps by year (row) and length (col)
1989 1 0 0 0 1 0 1 2 0 0 0 0 0 0 0 1 1 1 4 2 1 2 4 2 4 1 2 0 0 0 0 0 0 0 0 0 0
1990 0 0 0 0 0 0 0 0 0 0 0 0 0 0 0 0 0 0 1 0 2 1 1 1 0 2 2 0 1 1 0 0 0 0 0 0 0
1991 0 0 2 10 9 2 3 2 3 1 5 4 1 0 3 3 5 3 8 11 16 11 10 14 15 10 16 10 5 1 1 2 0 0 1 0 0
1992 0 0 1 4 0 1 2 5 1 4 3 4 3 1 1 5 6 6 14 18 23 23 21 32 31 27 18 20 15 9 2 3 0 0 0 0 0
1993 0 1 3 0 0 1 4 4 9 10 8 11 10 11 12 11 15 15 23 32 36 43 59 62 47 62 43 49 24 13 6 4 1 4 0 0 0
1994 0 0 0 0 0 0 1 2 0 0 2 0 0 0 3 1 3 3 3 7 10 16 24 23 18 21 15 10 6 5 4 3 4 2 0 0 0
1995 0 0 0 0 0 0 0 0 0 0 0 0 1 1 1 1 1 2 2 5 4 5 12 11 12 12 9 3 9 5 3 0 1 0 0 0 0
1996 0 0 0 0 0 0 0 0 0 0 0 2 0 0 3 2 1 1 1 3 4 5 3 6 9 5 8 4 2 2 0 0 1 0 0 0 0
1997 0 0 0 0 0 0 0 0 0 1 1 0 0 0 2 0 0 1 4 7 9 12 11 17 13 19 13 7 4 1 0 0 1 0 0 0 0
1998 0 0 0 0 0 0 0 2 0 0 0 0 0 0 1 1 0 0 1 1 1 3 3 4 6 7 5 4 5 1 1 0 0 0 0 0 0
1999 0 0 0 0 0 0 0 1 0 0 0 0 0 1 0 0 1 1 1 0 4 1 1 1 3 5 2 6 2 3 1 0 0 0 0 0 0
2000 0 0 0 0 0 0 0 0 0 0 0 0 0 0 0 0 0 2 2 1 2 2 4 6 3 10 5 12 5 2 3 2 1 0 0 0 0
2001 0 0 0 0 0 0 0 1 3 1 1 2 1 0 0 0 1 1 0 2 2 5 12 13 18 25 34 20 16 8 3 2 0 1 0 0 1
2002 0 0 0 0 0 0 0 0 0 0 0 0 0 0 0 0 0 0 0 0 0 2 1 1 1 0 1 1 0 0 0 0 0 0 0 0 0
2003 0 0 0 0 0 0 0 0 0 0 1 0 0 0 0 0 0 0 0 0 2 0 1 1 1 2 7 0 5 2 0 1 0 0 0 0 0
2004 0 0 0 0 0 0 0 0 0 4 0 0 0 2 0 1 0 1 0 0 0 1 1 1 6 7 5 4 4 2 1 1 2 0 0 0 0
2005 0 0 0 0 0 0 2 2 5 1 2 4 0 1 0 1 0 1 1 0 0 2 4 3 7 7 19 16 13 4 3 5 3 0 1 0 0
2006 0 0 0 0 0 1 1 1 0 0 0 2 3 1 0 0 0 0 1 0 0 0 1 0 3 3 7 5 0 3 2 0 0 0 0 0 0
2007 0 0 0 0 0 1 4 5 9 3 4 3 5 3 5 4 0 1 1 1 0 0 1 1 4 4 4 4 4 5 2 0 1 0 0 0 0
2010 0 0 0 0 0 0 1 0 0 1 3 2 2 0 1 0 2 0 0 1 1 0 1 1 4 3 5 2 5 1 0 0 0 0 0 0 0
1989 0 0 0 0 0 0 0 0 0 3 6 12 5 1 9 5 1 3 1 2 1 0 0 0 1 1 2 4 2 4 2 0 2 5 1 1 1 0 0 0 0 0 0 0
1990 0 0 0 0 0 0 0 0 1 1 0 1 1 2 9 5 7 3 1 4 4 2 3 2 1 0 4 4 1 0 2 3 1 1 0 3 1 0 0 0 0 0 0 0
1991 0 0 0 0 0 0 0 0 4 55 129 119 112 115 93 82 72 65 46 60 64 62 50 41 28 34 23 40 15 21 28 17 17 13 5 6 3 2 1 0 1 1 0 0
1992 0 0 0 0 0 1 0 0 0 32 56 87 95 114 131 117 105 124 97 99 87 90 91 101 91 87 105 108 97 127 110 112 73 56 44 22 13 5 6 2 1 0 0 0
1993 0 0 0 0 0 0 0 3 9 102 168 209 182 181 150 128 156 145 111 112 102 125 128 123 106 109 130 122 147 144 168 120 96 85 53 35 14 8 4 1 1 0 0 0
1994 0 0 0 0 0 0 0 0 1 35 65 121 138 144 158 149 144 104 90 68 71 69 60 59 56 63 51 68 76 66 69 72 47 40 27 19 11 6 0 0 0 1 0 0
1995 0 0 0 0 0 0 0 0 0 16 15 23 33 49 41 69 60 50 55 39 57 50 60 67 88 73 74 96 86 112 108 108 104 77 41 29 15 8 2 4 0 1 0 0
1996 0 0 0 0 0 0 0 0 0 0 1 3 0 4 0 2 0 1 2 4 0 3 3 3 1 8 6 9 4 2 1 2 8 4 1 0 0 0 0 0 0 0 0 0
1997 0 0 0 0 0 0 0 0 0 2 1 0 0 1 0 1 4 1 0 2 1 2 1 0 0 0 1 2 1 0 2 3 3 1 0 1 0 0 0 0 0 0 0 0
1998 0 0 0 0 0 0 0 0 2 11 8 12 17 12 10 4 6 7 1 11 5 8 7 11 1 6 1 6 3 7 1 6 9 1 2 3 2 0 0 0 1 0 0 0
1999 0 0 0 0 0 0 1 3 6 0 2 4 3 2 2 5 4 1 1 2 2 4 1 1 2 6 1 2 4 9 6 6 11 7 9 2 2 3 1 0 0 0 0 0
2000 0 0 0 0 1 2 5 14 14 14 15 16 20 21 15 19 22 14 17 17 14 14 5 5 4 4 3 4 7 3 9 10 7 7 6 2 4 2 1 0 0 0 0 0
2001 0 0 0 2 50 69 80 115 130 138 158 153 139 171 130 100 72 86 43 42 37 34 25 12 8 8 7 6 11 17 21 33 27 26 24 22 13 3 2 1 0 0 0 0
2002 0 0 0 0 21 44 42 41 68 183 197 144 157 181 129 123 123 79 70 55 36 30 34 23 18 12 9 14 17 20 45 36 79 80 71 48 32 15 7 3 1 0 0 0
2003 0 0 0 0 1 4 1 2 3 23 49 50 103 85 81 68 66 29 23 17 19 14 11 12 7 2 8 4 13 24 24 22 31 36 22 22 19 9 1 0 1 0 0 0
2004 0 0 0 0 1 0 7 5 7 43 32 30 59 57 57 70 51 53 41 27 17 13 19 12 7 4 6 6 9 18 19 18 31 40 31 20 12 1 3 1 1 0 1 0
2005 0 0 4 5 2 2 2 0 2 28 36 45 62 47 56 47 39 40 40 23 40 19 12 6 9 6 3 6 10 9 6 16 22 26 21 17 12 6 4 0 0 0 0 0
2006 0 0 0 0 0 1 17 42 83 93 95 83 79 71 89 105 108 95 109 68 74 58 43 32 43 25 11 8 10 24 15 35 41 57 57 29 26 12 11 4 0 2 0 0
2007 0 0 0 0 0 0 0 0 0 41 74 89 114 147 188 192 172 175 161 129 98 114 64 68 53 59 23 24 16 12 14 38 33 35 36 24 16 9 2 1 1 2 0 0
2008 0 0 0 0 0 0 0 0 2 40 56 69 100 103 173 194 207 238 222 200 163 188 112 85 79 56 37 29 18 16 16 18 29 21 25 17 20 5 3 1 0 1 0 0
2009 0 0 0 5 51 53 54 88 126 131 149 135 206 223 212 225 230 240 228 273 247 205 195 160 107 72 61 31 17 20 16 14 23 24 17 18 7 6 2 0 0 1 0 0
2010 0 0 0 0 25 34 59 47 57 59 92 115 124 134 165 201 201 203 197 203 174 141 106 84 48 34 21 16 6 9 16 17 18 25 20 20 8 4 0 0 0 1 0 0
2011 0 0 0 1 50 101 116 92 89 74 53 83 90 101 139 160 162 164 164 141 164 131 105 78 64 37 27 13 11 5 5 4 6 8 10 3 1 2 0 0 0 0 0 0
#End of file
999
