#Data for HBC 1989:2011
#syr, nyr, dt
1989 2011 0.25
#Number of gears
2
#nbin
45
#xbin
5 6 7 8 9
10 11 12 13 14
15 16 17 18 19
20 21 22 23 24
25 26 27 28 29
30 31 32 33 34
35 36 37 38 39
40 41 42 43 44
45 46 47 48 49
#Array dimensions (rows,  cols) for each gear in (C M R)
92 47
92 47
#Captures by year (row) and length (col)
1989 1 0 0 0 0 0 0 0 0 0 0 0 0 0 0 0 0 0 0 0 0 0 0 0 0 0 0 0 0 0 0 0 0 0 0 0 0 0 0 0 0 0 0 0 0 0
1989 2 0 0 0 0 0 0 0 1 0 0 0 0 1 0 2 4 2 2 7 1 3 1 3 4 4 10 19 16 38 38 30 31 24 21 32 14 4 2 2 1 1 2 1 0 0
1989 3 0 0 0 0 0 0 0 0 0 0 0 0 0 0 0 0 0 0 0 0 0 0 0 0 0 0 0 0 0 0 0 0 0 0 0 0 0 0 0 0 0 0 0 0 0
1989 4 0 0 0 0 0 0 0 0 0 0 0 0 0 0 0 0 0 0 0 0 0 0 0 0 0 0 0 0 0 0 0 0 0 0 0 0 0 0 0 0 0 0 0 0 0
1990 1 0 0 0 0 0 0 0 0 0 0 0 0 0 0 0 0 0 0 0 0 0 0 0 0 0 0 0 0 0 0 0 0 0 0 0 0 0 0 0 0 0 0 0 0 0
1990 2 0 0 0 0 0 0 0 0 0 0 0 0 0 0 0 0 1 1 0 0 0 0 1 0 0 0 4 1 2 7 2 4 0 6 12 1 5 7 1 0 1 1 0 0 0
1990 3 0 0 0 0 0 0 0 0 0 0 0 0 0 0 0 0 0 0 0 0 0 0 0 0 0 0 0 0 0 0 0 0 0 0 0 0 0 0 0 0 0 0 0 0 0
1990 4 0 0 0 0 0 0 0 0 0 0 0 0 0 0 0 1 0 2 0 2 0 1 0 2 4 0 1 1 10 5 7 11 5 6 10 6 3 2 2 0 1 0 0 0 0
1991 1 0 0 0 0 0 0 0 0 0 0 0 0 0 1 4 1 3 2 2 4 3 5 8 6 2 15 17 19 13 21 16 10 9 13 16 12 2 1 3 1 1 0 0 1 0
1991 2 0 0 0 0 0 0 0 0 0 0 0 0 0 0 1 1 1 2 3 1 2 2 2 1 4 6 0 2 4 9 4 7 11 7 8 2 3 1 1 0 0 0 0 0 0
1991 3 0 0 0 0 0 0 0 0 0 0 3 4 1 2 3 1 5 0 6 6 4 2 2 6 5 7 11 21 20 17 29 31 34 24 29 25 15 8 3 3 2 0 2 1 0
1991 4 0 0 0 0 0 0 0 0 0 0 3 8 8 1 3 2 1 0 0 0 1 0 0 1 0 0 0 3 4 4 6 4 13 3 5 8 0 2 0 2 1 0 0 0 0
1992 1 0 0 0 0 0 0 0 0 0 0 1 4 0 1 0 1 2 0 2 2 0 2 0 8 3 5 14 15 17 16 16 36 27 20 20 10 11 4 1 2 1 0 1 0 0
1992 2 0 0 0 0 0 0 0 0 0 0 0 0 1 1 4 4 3 7 6 8 4 1 4 6 6 6 15 11 16 19 17 15 22 20 11 13 5 6 1 2 0 0 0 0 0
1992 3 0 0 0 0 0 0 0 0 0 0 2 3 1 2 3 5 0 0 1 1 0 0 0 1 1 0 2 6 6 7 8 9 13 9 8 8 7 5 1 1 0 0 0 0 0
1992 4 0 0 0 0 0 0 0 0 0 0 0 0 0 0 0 1 1 1 0 1 0 0 0 0 0 4 1 3 7 0 4 4 5 8 1 2 3 2 1 0 1 0 0 0 0
1993 1 0 0 0 0 0 0 0 0 0 0 0 0 0 3 7 3 5 6 6 4 5 8 8 6 9 12 12 14 25 20 26 23 15 17 19 14 4 2 0 2 2 1 0 0 0
1993 2 0 0 0 0 0 0 0 0 0 2 4 3 3 7 4 7 7 8 3 8 6 5 5 6 6 4 5 13 9 17 21 19 16 18 23 18 11 8 4 3 0 1 0 0 1
1993 3 0 0 0 0 0 0 0 0 0 0 0 0 0 0 2 4 2 2 5 2 0 1 1 2 2 2 4 12 10 17 22 28 28 34 8 21 13 5 3 0 1 2 0 0 0
1993 4 0 0 0 0 0 0 0 0 0 0 0 0 0 1 0 0 1 3 2 2 3 1 0 2 2 2 4 5 2 7 3 8 7 9 7 7 5 4 2 0 0 0 1 0 0
1994 1 0 0 0 0 0 0 0 0 0 0 0 0 0 0 0 0 0 0 1 0 0 0 2 0 1 1 0 2 4 10 16 15 13 16 12 9 6 6 3 3 3 2 0 0 0
1994 2 0 0 0 0 0 0 0 0 0 0 0 0 0 0 0 1 1 0 0 0 0 0 0 1 1 1 2 4 3 4 8 5 4 8 3 2 3 0 0 1 1 0 0 1 0
1994 3 0 0 0 0 0 0 0 0 0 0 0 0 0 0 1 1 0 1 2 1 0 0 2 1 1 1 1 3 4 2 6 6 3 6 3 4 2 1 1 0 1 0 0 0 0
1994 4 0 0 0 0 0 0 0 0 0 0 0 0 0 0 0 0 0 0 0 0 0 0 0 0 0 0 0 0 0 1 0 3 1 0 1 0 0 0 0 0 0 0 0 0 0
1995 1 0 0 0 0 0 0 0 0 0 0 0 0 0 0 0 0 0 0 0 0 1 1 1 2 1 2 2 5 4 6 9 12 7 10 8 4 4 2 2 0 1 0 0 0 0
1995 2 0 0 0 0 0 0 0 0 0 0 0 0 0 0 0 0 0 0 0 0 0 0 0 0 0 0 0 1 0 1 5 4 6 5 2 0 5 4 1 0 0 0 0 0 0
1995 3 0 0 0 0 0 0 0 0 0 0 0 0 0 0 0 0 0 0 0 0 0 0 0 0 0 0 0 0 0 0 0 0 0 0 0 0 0 0 0 0 0 0 0 0 0
1995 4 0 0 0 0 0 0 0 0 0 0 0 0 0 0 0 0 0 0 0 0 0 0 0 0 0 0 0 0 0 0 0 0 0 0 0 0 0 0 0 0 0 0 0 0 0
1996 1 0 0 0 0 0 0 0 0 0 0 0 0 0 0 0 0 0 0 0 0 0 0 0 0 0 0 1 1 3 3 1 1 2 3 5 1 0 1 0 0 0 0 0 0 0
1996 2 0 0 0 0 0 0 0 0 0 0 0 0 0 0 0 0 0 0 0 1 0 0 3 1 1 1 0 2 1 2 2 4 5 2 3 1 1 1 0 0 1 0 0 0 0
1996 3 0 0 0 0 0 0 0 0 0 0 0 0 0 0 0 0 0 0 0 1 0 1 0 1 0 0 0 1 0 1 1 2 4 2 0 2 1 1 0 0 0 0 0 0 0
1996 4 0 0 0 0 0 0 0 0 0 0 0 0 0 0 0 0 0 0 0 0 0 0 0 0 0 0 0 0 0 0 0 0 0 0 0 0 0 0 0 0 0 0 0 0 0
1997 1 0 0 0 0 0 0 0 0 0 0 0 0 0 0 0 0 0 0 0 0 0 0 0 0 0 0 1 1 0 3 0 1 0 0 0 0 0 0 0 0 0 0 0 0 0
1997 2 0 0 0 0 0 0 0 0 0 0 0 0 0 0 0 1 0 1 1 0 0 1 2 0 0 1 2 4 7 8 10 13 19 21 13 4 6 0 0 1 1 0 0 0 0
1997 3 0 0 0 0 0 0 0 0 0 0 0 0 0 0 0 0 0 0 0 0 0 0 0 0 0 0 1 2 5 2 4 6 0 2 3 4 0 1 1 0 0 0 0 0 0
1997 4 0 0 0 0 0 0 0 0 0 0 0 0 0 0 0 0 0 0 0 0 0 0 0 0 0 0 0 0 0 0 0 0 0 0 0 0 0 0 0 0 0 0 0 0 0
1998 1 0 0 0 0 0 0 0 0 0 0 0 0 0 0 0 0 0 0 0 0 0 0 0 0 0 0 0 0 0 0 0 0 0 0 0 0 0 0 0 0 0 0 0 0 0
1998 2 0 0 0 0 0 0 0 0 0 0 0 0 0 0 0 0 0 0 0 0 0 0 0 0 0 0 0 2 0 0 0 2 4 3 4 3 1 1 1 0 0 0 0 0 0
1998 3 0 0 0 0 0 0 0 0 0 0 0 0 0 2 1 2 1 0 0 0 0 0 1 1 2 0 1 2 1 3 3 2 3 4 2 1 5 0 0 0 0 0 0 0 0
1998 4 0 0 0 0 0 0 0 0 0 0 0 0 0 0 0 0 0 0 0 0 0 0 0 0 0 0 0 0 0 0 0 0 0 0 0 0 0 0 0 0 0 0 0 0 0
1999 1 0 0 0 0 0 0 0 0 0 0 0 0 0 0 0 0 0 0 0 0 0 0 0 1 0 0 0 0 0 0 1 1 0 0 0 0 0 0 0 0 0 0 0 0 0
1999 2 0 0 0 0 0 0 0 0 0 0 0 0 0 0 0 1 0 1 0 1 0 1 0 0 0 1 1 0 2 1 0 2 3 6 3 6 3 5 1 0 0 0 0 0 0
1999 3 0 0 0 0 0 0 0 0 0 0 0 0 0 3 0 2 1 1 0 0 1 0 0 0 1 1 0 0 2 0 0 0 0 0 0 0 0 1 0 0 0 0 0 0 0
1999 4 0 0 0 0 0 0 0 0 0 0 0 0 0 0 0 0 0 0 0 0 0 0 0 0 0 0 0 0 0 0 0 0 0 0 0 0 0 0 0 0 0 0 0 0 0
2000 1 0 0 0 0 0 0 0 0 0 0 0 0 0 0 0 0 0 0 1 0 0 1 0 0 0 1 0 1 1 0 1 1 0 2 3 2 2 0 0 1 0 0 0 0 0
2000 2 0 0 0 0 0 0 0 0 0 0 0 0 0 0 0 0 0 0 0 0 0 0 0 0 0 0 0 0 0 0 0 1 0 0 0 0 0 0 0 0 0 0 0 0 0
2000 3 0 0 0 0 0 0 0 0 0 0 0 0 0 1 0 1 1 2 1 0 0 0 0 0 1 1 3 0 0 3 2 4 3 6 3 6 3 3 3 2 1 0 1 0 0
2000 4 0 0 0 0 0 0 0 0 0 0 0 0 0 0 0 0 0 0 1 0 0 0 0 0 0 0 0 0 1 0 1 1 0 2 0 4 0 0 1 1 0 0 0 0 0
2001 1 0 0 0 0 0 0 0 0 0 0 0 0 0 0 0 0 0 0 0 0 0 0 0 0 0 0 0 0 0 0 0 0 0 0 0 0 0 0 0 0 0 0 0 0 0
2001 2 0 0 0 0 0 0 0 0 0 0 0 0 0 0 0 0 1 1 2 0 1 0 1 0 1 0 0 0 0 0 2 0 4 8 11 3 4 2 0 1 0 1 0 0 0
2001 3 0 0 0 0 0 0 0 0 0 0 0 0 0 2 6 6 8 7 2 5 1 1 0 0 3 2 0 4 2 6 13 15 15 20 26 18 15 6 4 1 1 0 0 0 1
2001 4 0 0 0 0 0 0 0 0 0 0 0 0 0 0 0 0 0 0 0 0 0 0 0 0 0 0 0 0 0 0 0 0 0 0 0 0 0 0 0 0 0 0 0 0 0
2002 1 0 0 0 0 0 0 0 0 0 0 0 0 0 0 0 0 0 0 0 0 0 0 0 0 0 0 0 0 0 0 0 0 0 0 0 0 0 0 0 0 0 0 0 0 0
2002 2 0 0 0 0 0 0 0 0 0 0 0 0 0 0 0 0 0 0 0 0 0 0 0 0 0 0 0 0 0 0 0 0 0 0 0 0 0 0 0 0 0 0 0 0 0
2002 3 0 0 0 0 0 0 0 0 0 0 0 0 0 0 0 0 0 0 0 0 0 0 0 0 1 0 0 0 1 2 1 1 1 1 1 1 0 0 0 0 0 0 0 0 0
2002 4 0 0 0 0 0 0 0 0 0 0 0 0 0 0 0 0 0 0 0 0 0 0 0 0 0 0 0 0 0 0 0 0 0 0 0 0 0 0 0 0 0 0 0 0 0
2003 1 0 0 0 0 0 0 0 0 0 0 0 0 0 0 0 0 0 0 0 0 0 0 0 0 0 0 0 0 0 0 0 0 0 0 0 0 0 0 0 0 0 0 0 0 0
2003 2 0 0 0 0 0 0 0 0 0 0 0 0 0 0 0 1 0 0 1 1 0 0 0 0 0 0 0 0 2 1 1 1 1 2 7 0 5 2 0 1 0 1 0 0 0
2003 3 0 0 0 0 0 0 0 0 0 0 0 0 0 0 0 0 0 0 0 0 0 0 0 0 0 0 0 0 0 0 0 0 0 0 0 0 0 0 0 0 0 0 0 0 0
2003 4 0 0 0 0 0 0 0 0 0 0 0 0 0 0 0 0 0 0 0 0 0 0 0 0 0 0 0 0 0 0 0 0 0 0 0 0 0 0 0 0 0 0 0 0 0
2004 1 0 0 0 0 0 0 0 0 0 0 0 0 0 0 0 0 0 0 0 0 0 0 0 0 0 0 0 0 0 0 0 0 0 0 0 0 0 0 0 0 0 0 0 0 0
2004 2 0 0 0 0 0 0 0 0 0 0 0 0 0 0 1 1 1 4 0 1 0 2 0 1 0 1 1 0 0 1 1 1 7 7 5 4 4 2 1 1 2 0 0 0 0
2004 3 0 0 0 0 0 0 0 0 0 0 0 0 0 0 0 0 0 0 0 0 0 0 0 0 0 0 0 0 0 0 0 0 0 0 0 0 0 0 0 0 0 0 0 0 0
2004 4 0 0 0 0 0 0 0 0 0 0 0 0 0 0 0 0 0 0 0 0 0 0 0 0 0 0 0 0 0 0 0 0 0 0 0 0 0 0 0 0 0 0 0 0 0
2005 1 0 0 0 0 0 0 0 0 0 0 0 0 0 0 0 0 0 0 0 0 0 0 0 0 0 0 0 0 0 0 0 0 0 0 0 0 0 0 0 0 0 0 0 0 0
2005 2 0 0 0 0 0 0 0 0 0 0 0 0 1 3 11 9 14 8 8 9 0 1 0 4 0 2 1 1 2 2 5 4 10 7 22 18 15 4 3 5 3 0 1 0 0
2005 3 0 0 0 0 0 0 0 0 0 0 0 0 0 0 0 0 0 0 0 0 0 0 0 0 0 0 0 0 0 0 0 0 0 0 0 0 0 0 0 0 0 0 0 0 0
2005 4 0 0 0 0 0 0 0 0 0 0 0 0 0 0 0 0 0 0 0 0 0 0 0 0 0 0 0 0 0 0 0 0 0 0 0 0 0 0 0 0 0 0 0 0 0
2006 1 0 0 0 0 0 0 0 0 0 0 0 0 0 0 0 0 0 0 0 0 0 0 0 0 0 0 0 0 0 0 0 0 0 0 0 0 0 0 0 0 0 0 0 0 0
2006 2 0 0 0 0 0 0 0 0 0 0 0 0 1 3 5 5 1 2 3 3 5 1 1 1 0 0 1 1 1 0 1 0 3 3 7 5 0 3 2 0 0 0 0 0 0
2006 3 0 0 0 0 0 0 0 0 0 0 0 0 0 0 0 0 0 0 0 0 0 0 0 0 0 0 0 0 0 0 0 0 0 0 0 0 0 0 0 0 0 0 0 0 0
2006 4 0 0 0 0 0 0 0 0 0 0 0 0 0 0 0 0 0 0 0 0 0 0 0 0 0 0 0 0 0 0 0 0 0 0 0 0 0 0 0 0 0 0 0 0 0
2007 1 0 0 0 0 0 0 0 0 0 0 0 0 0 0 0 0 0 0 0 0 0 0 0 0 0 0 0 0 0 0 0 0 0 0 0 0 0 0 0 0 0 0 0 0 0
2007 2 0 0 0 0 0 0 0 0 0 0 0 0 1 10 35 31 28 18 12 16 11 8 8 6 1 1 1 1 0 1 2 1 6 4 4 5 5 5 2 0 1 0 0 0 0
2007 3 0 0 0 0 0 0 0 0 0 0 0 0 0 0 0 0 0 0 0 0 0 0 0 0 0 0 0 0 0 0 0 0 0 0 0 0 0 0 0 0 0 0 0 0 0
2007 4 0 0 0 0 0 0 0 0 0 0 0 0 0 0 0 0 0 0 0 0 0 0 0 0 0 0 0 0 0 0 0 0 0 0 0 0 0 0 0 0 0 0 0 0 0
2008 1 0 0 0 0 0 0 0 0 0 0 0 0 0 0 0 0 0 0 0 0 0 0 0 0 0 0 0 0 0 0 0 0 0 0 0 0 0 0 0 0 0 0 0 0 0
2008 2 0 0 0 0 0 0 0 0 0 0 0 0 0 0 0 0 0 0 0 0 0 0 0 0 0 0 0 0 0 0 0 0 0 0 0 0 0 0 0 0 0 0 0 0 0
2008 3 0 0 0 0 0 0 0 0 0 0 0 0 0 0 0 0 0 0 0 0 0 0 0 0 0 0 0 0 0 0 0 0 0 0 0 0 0 0 0 0 0 0 0 0 0
2008 4 0 0 0 0 0 0 0 0 0 0 0 0 0 0 0 0 0 0 0 0 0 0 0 0 0 0 0 0 0 0 0 0 0 0 0 0 0 0 0 0 0 0 0 0 0
2009 1 0 0 0 0 0 0 0 0 0 0 0 0 0 0 0 0 0 0 0 0 0 0 0 0 0 0 0 0 0 0 0 0 0 0 0 0 0 0 0 0 0 0 0 0 0
2009 2 0 0 0 0 0 0 0 0 0 0 0 0 0 0 0 0 0 0 0 0 0 0 0 0 0 0 0 0 0 0 0 0 0 0 0 0 0 0 0 0 0 0 0 0 0
2009 3 0 0 0 0 0 0 0 0 0 0 0 0 0 0 0 0 0 0 0 0 0 0 0 0 0 0 0 0 0 0 0 0 0 0 0 0 0 0 0 0 0 0 0 0 0
2009 4 0 0 0 0 0 0 0 0 0 0 0 0 0 0 0 0 0 0 0 0 0 0 0 0 0 0 0 0 0 0 0 0 0 0 0 0 0 0 0 0 0 0 0 0 0
2010 1 0 0 0 0 0 0 0 0 0 0 0 0 0 0 0 0 0 0 0 0 0 0 0 0 0 0 0 0 0 0 0 0 0 0 0 0 0 0 0 0 0 0 0 0 0
2010 2 0 0 0 0 0 0 0 0 0 0 0 0 0 0 0 0 0 0 0 0 0 0 0 0 0 0 0 0 0 0 0 0 0 0 0 0 0 0 0 0 0 0 0 0 0
2010 3 0 0 0 0 0 0 0 0 0 0 0 0 0 0 1 4 3 8 9 4 7 3 1 1 4 0 0 1 1 0 1 1 4 3 5 2 5 3 0 0 0 0 0 0 0
2010 4 0 0 0 0 0 0 0 0 0 0 0 0 0 0 0 0 0 0 0 0 0 0 0 0 0 0 0 0 0 0 0 0 0 0 0 0 0 0 0 0 0 0 0 0 0
2011 1 0 0 0 0 0 0 0 0 0 0 0 0 0 0 0 0 0 0 0 0 0 0 0 0 0 0 0 0 0 0 0 0 0 0 0 0 0 0 0 0 0 0 0 0 0
2011 2 0 0 0 0 0 0 0 0 0 0 0 0 0 0 0 0 0 0 0 0 0 0 0 0 0 0 0 0 0 0 0 0 0 0 0 0 0 0 0 0 0 0 0 0 0
2011 3 0 0 0 0 0 0 0 0 0 0 0 0 0 0 0 0 0 0 0 0 0 0 0 0 0 0 0 0 0 0 0 0 0 0 0 0 0 0 0 0 0 0 0 0 0
2011 4 0 0 0 0 0 0 0 0 0 0 0 0 0 0 0 0 0 0 0 0 0 0 0 0 0 0 0 0 0 0 0 0 0 0 0 0 0 0 0 0 0 0 0 0 0
1989 1 0 0 0 0 0 0 0 0 0 0 0 0 0 0 0 0 0 0 0 0 0 0 0 0 0 0 0 0 0 0 0 0 0 0 0 0 0 0 0 0 0 0 0 0 0
1989 2 0 0 0 0 0 0 0 2 2 3 19 24 46 34 29 42 40 26 14 16 11 12 12 8 10 12 21 21 21 16 23 27 16 14 17 7 4 3 1 3 1 0 0 0 0
1989 3 0 0 0 0 0 0 0 0 0 0 0 0 0 0 0 0 0 0 0 0 0 0 0 0 0 0 0 0 0 0 0 0 0 0 0 0 0 0 0 0 0 0 0 0 0
1989 4 0 0 0 0 0 0 0 0 0 0 0 0 0 0 0 0 0 0 0 0 0 0 0 0 0 0 0 0 0 0 0 0 0 0 0 0 0 0 0 0 0 0 0 0 0
1990 1 0 0 0 0 0 0 0 0 0 0 0 0 0 0 0 0 0 0 0 0 0 0 0 0 0 0 0 0 0 0 0 0 0 0 0 0 0 0 0 0 0 0 0 0 0
1990 2 0 0 0 0 0 0 0 1 2 7 8 2 18 7 19 42 34 34 35 32 25 21 14 13 10 11 8 16 14 13 11 15 11 19 12 2 9 6 1 0 0 0 0 0 1
1990 3 0 0 0 0 0 0 0 0 0 0 0 0 0 0 0 0 0 0 0 0 0 0 0 0 0 0 0 0 0 0 0 0 0 0 0 0 0 0 0 0 0 0 0 0 0
1990 4 0 0 0 0 0 0 0 0 0 0 0 0 0 0 0 0 0 0 0 0 0 0 0 0 0 0 0 0 0 0 0 0 0 0 0 0 0 0 0 0 0 0 0 0 0
1991 1 0 0 0 0 0 0 0 0 0 0 0 0 0 0 0 0 1 1 1 0 0 0 0 1 0 0 0 0 0 1 0 0 0 0 0 0 0 0 0 0 0 0 0 0 0
1991 2 0 0 0 0 0 0 0 0 0 0 21 47 32 33 26 31 26 22 17 27 21 12 18 15 14 7 11 18 21 25 25 33 20 25 18 9 6 4 3 2 2 1 1 0 0
1991 3 0 0 0 0 0 0 0 0 0 4 197 239 224 174 203 197 139 123 108 92 121 105 86 112 94 69 77 67 79 61 57 59 38 30 20 14 12 4 1 0 1 1 0 0 0
1991 4 0 0 0 0 0 0 0 0 0 1 41 54 50 57 47 25 33 23 29 16 23 25 27 26 15 16 9 4 10 6 8 5 3 6 8 1 0 1 0 0 0 1 1 0 0
1992 1 0 0 0 0 0 0 0 0 0 0 6 16 11 14 18 19 13 20 18 16 23 25 25 31 34 49 45 58 83 77 84 91 101 55 47 22 12 8 5 4 0 1 0 2 0
1992 2 0 0 0 0 0 1 1 0 0 1 92 113 127 132 112 128 106 108 128 95 90 97 91 87 97 80 90 104 100 113 134 115 120 81 74 49 23 16 5 7 2 1 0 1 1
1992 3 0 0 0 0 0 0 0 0 0 0 28 35 24 28 34 32 46 26 27 25 30 22 17 23 12 18 11 16 6 8 8 3 6 6 2 5 2 0 1 0 0 0 0 0 0
1992 4 0 0 0 0 0 0 0 0 0 0 75 33 20 23 14 20 22 24 16 13 7 8 12 11 7 11 13 10 6 13 14 16 16 28 15 10 14 6 1 2 2 1 0 0 0
1993 1 0 0 0 0 0 0 0 0 2 0 22 18 9 4 6 12 12 21 20 16 19 20 36 36 45 42 59 59 65 83 91 112 76 62 58 23 24 12 2 3 0 0 0 0 0
1993 2 0 0 0 0 0 0 0 0 16 26 344 236 245 111 107 85 78 95 91 63 58 52 71 57 56 44 58 79 64 91 96 102 83 70 50 43 20 11 7 2 0 2 0 1 0
1993 3 0 0 0 0 0 0 0 0 0 20 236 252 263 225 198 131 75 67 56 52 43 52 47 58 42 40 24 28 24 15 19 16 6 13 5 5 4 1 0 0 0 0 0 0 0
1993 4 0 0 0 0 0 0 0 0 0 3 53 57 81 74 70 46 32 29 17 8 18 12 9 6 6 8 6 3 3 7 4 12 8 6 12 7 8 5 1 1 1 0 0 0 0
1994 1 0 0 0 0 0 0 0 0 0 1 15 15 36 34 23 24 17 18 15 14 13 13 12 14 12 12 12 11 21 27 23 33 35 29 20 8 8 5 4 0 1 0 1 0 0
1994 2 0 0 0 0 0 0 0 0 0 5 95 104 134 136 123 122 111 86 72 57 43 37 46 37 45 37 34 39 46 56 56 49 47 27 31 19 13 8 1 1 0 0 0 0 0
1994 3 0 0 0 0 0 0 0 0 0 2 16 33 26 44 55 43 30 45 28 16 13 14 11 11 5 8 14 6 7 5 4 2 2 3 2 2 0 1 0 0 0 0 0 0 0
1994 4 0 0 0 0 0 0 0 0 0 0 20 10 11 21 27 33 30 32 21 17 13 10 8 6 7 4 9 3 4 4 3 2 0 1 1 2 5 1 1 0 0 0 0 0 0
1995 1 0 0 0 0 0 0 0 0 0 0 15 10 14 11 29 20 21 23 27 18 18 33 16 22 28 29 36 31 36 41 51 49 40 48 36 16 15 10 4 2 2 0 1 0 0
1995 2 0 0 0 0 0 0 0 0 0 0 60 52 48 50 59 44 60 53 39 43 30 36 41 43 45 67 42 53 73 65 86 68 84 72 56 32 18 12 4 0 2 0 0 0 0
1995 3 0 0 0 0 0 0 0 0 0 0 0 0 0 0 0 0 0 0 0 0 0 0 0 0 0 0 0 0 0 0 0 0 0 0 0 0 0 0 0 0 0 0 0 0 0
1995 4 0 0 0 0 0 0 0 0 0 0 0 0 0 0 0 0 0 0 0 0 0 0 0 0 0 0 0 0 0 0 0 0 0 0 0 0 0 0 0 0 0 0 0 0 0
1996 1 0 0 0 0 0 0 0 0 0 0 0 0 0 0 0 0 0 0 0 0 0 0 0 0 0 0 0 0 0 0 0 0 0 0 0 0 0 0 0 0 0 0 0 0 0
1996 2 0 0 0 0 0 0 0 0 0 0 4 6 7 4 9 2 5 2 4 2 4 1 3 3 3 1 9 7 10 4 4 2 2 8 4 3 0 0 0 0 0 0 0 0 0
1996 3 0 0 0 0 0 0 0 0 0 0 0 0 0 0 0 0 0 0 0 0 0 0 0 0 0 0 0 0 0 0 0 0 0 0 0 0 0 0 0 0 0 0 0 0 0
1996 4 0 0 0 0 0 0 0 0 0 0 0 0 0 0 0 0 0 0 0 0 0 0 0 0 0 0 0 0 0 0 0 0 0 0 0 0 0 0 0 0 0 0 0 0 0
1997 1 0 0 0 0 0 0 0 0 0 0 0 0 0 0 0 0 0 0 0 0 0 0 0 0 0 0 0 0 0 0 0 0 0 0 0 0 0 0 0 0 0 0 0 0 0
1997 2 0 0 0 0 0 0 0 0 0 0 6 5 0 2 3 4 4 6 2 2 2 1 3 1 0 0 0 1 2 2 0 2 4 3 2 0 1 0 0 0 0 0 0 0 0
1997 3 0 0 0 0 0 0 0 0 0 0 0 0 0 0 0 0 0 0 0 0 0 0 0 0 0 0 0 0 0 0 0 0 0 0 0 0 0 0 0 0 0 0 0 0 0
1997 4 0 0 0 0 0 0 0 0 0 0 0 0 0 0 0 0 0 0 0 0 0 0 0 0 0 0 0 0 0 0 0 0 0 0 0 0 0 0 0 0 0 0 0 0 0
1998 1 0 0 0 0 0 0 0 0 0 0 1 0 0 0 0 0 0 0 0 0 0 0 0 0 0 0 0 0 0 0 0 0 0 0 0 0 0 0 0 0 0 0 0 0 0
1998 2 0 0 0 0 0 0 0 0 0 9 23 14 31 29 24 23 6 10 15 2 15 10 9 10 10 1 7 1 6 3 6 2 7 10 2 2 3 3 0 0 0 1 0 0 0
1998 3 0 0 0 0 0 0 0 0 0 1 12 8 11 4 8 5 3 2 2 1 2 2 0 1 2 0 0 0 0 1 1 0 0 0 0 0 1 0 0 0 0 0 0 0 0
1998 4 0 0 0 0 0 0 0 0 0 0 4 4 0 2 2 0 1 0 0 1 0 0 0 0 1 0 0 0 0 0 0 0 0 0 0 0 0 0 0 0 0 0 0 0 0
1999 1 0 0 0 0 0 0 0 2 0 1 1 0 0 0 0 0 0 0 0 0 0 0 0 0 0 0 0 0 0 0 0 1 0 0 0 1 0 0 0 0 0 0 0 0 0
1999 2 0 0 0 0 0 8 11 2 2 11 21 13 14 14 12 10 11 11 5 2 3 3 5 3 3 2 7 2 2 4 9 6 6 11 7 8 4 1 3 1 0 0 0 0 0
1999 3 0 0 0 0 0 3 1 3 6 3 8 7 2 1 2 1 0 1 0 0 1 0 0 0 0 0 0 0 0 0 0 0 0 0 0 0 0 1 0 0 0 0 0 0 0
1999 4 0 0 0 0 0 3 6 4 16 15 14 15 5 4 6 5 4 6 1 0 0 0 1 0 0 0 0 0 0 2 0 0 0 0 1 0 0 0 0 0 0 0 0 0 0
2000 1 0 0 0 0 0 0 0 0 0 0 0 0 0 1 1 0 0 0 0 0 0 0 0 0 0 0 0 0 0 0 0 0 0 0 0 0 0 0 0 0 0 0 0 0 0
2000 2 0 0 0 0 0 2 1 15 13 21 45 54 32 36 40 32 36 36 39 40 36 28 36 23 14 3 8 7 6 5 3 11 7 7 6 6 2 4 2 1 0 0 0 0 0
2000 3 0 0 0 0 0 0 0 3 1 0 0 0 0 0 0 2 0 0 0 0 0 0 0 0 0 0 0 0 0 0 0 0 0 0 0 0 0 0 0 0 0 0 0 0 0
2000 4 0 0 0 0 2 16 22 21 38 41 33 33 51 46 39 27 27 26 7 12 8 10 2 7 1 4 0 1 0 2 0 1 3 1 2 1 0 1 0 0 0 0 0 0 0
2001 1 0 0 0 0 0 0 0 0 0 0 0 0 0 0 0 0 0 0 0 0 0 0 0 0 0 0 0 0 0 0 0 0 0 0 0 0 0 0 0 0 0 0 0 0 0
2001 2 0 0 0 0 13 152 174 174 138 125 120 107 102 107 114 63 63 41 31 22 24 19 8 20 9 10 6 9 8 13 18 19 31 23 23 18 14 9 2 2 1 0 0 0 0
2001 3 0 0 0 0 0 8 8 4 8 6 6 4 2 3 1 2 0 0 1 0 0 0 2 0 0 0 0 0 0 0 0 1 2 2 0 2 0 0 0 0 0 0 0 0 0
2001 4 0 0 0 0 1 167 122 108 151 158 154 170 179 128 138 119 91 69 93 54 39 39 42 21 17 10 5 1 0 0 1 2 0 4 3 5 9 7 2 0 0 0 0 0 0
2002 1 0 0 0 0 0 0 0 0 0 0 0 0 0 0 0 0 0 0 0 0 0 0 0 0 0 0 0 0 0 0 0 0 0 0 0 0 0 0 0 0 0 0 0 0 0
2002 2 0 0 0 0 0 118 97 56 44 62 244 182 114 113 125 83 95 77 60 40 30 22 23 29 24 19 9 9 10 15 20 39 27 61 63 55 35 27 8 7 2 1 0 0 0
2002 3 0 0 0 0 0 0 0 0 2 6 162 142 111 78 53 42 29 30 19 23 20 7 8 8 4 4 5 1 4 1 5 6 5 5 5 5 5 2 2 0 0 0 0 0 0
2002 4 0 0 0 0 0 0 0 0 4 8 41 58 34 42 43 42 27 28 18 17 12 12 5 4 6 3 2 3 3 2 0 3 11 18 15 16 10 7 5 1 1 1 0 0 0
2003 1 0 0 0 0 0 0 0 0 0 1 11 5 7 9 6 2 3 0 1 0 1 1 0 0 0 1 0 0 0 0 0 0 2 0 0 0 0 0 0 0 0 0 0 0 0
2003 2 0 0 0 0 0 0 0 0 1 2 99 143 113 128 88 55 23 40 15 14 15 13 5 13 14 7 3 6 3 16 23 23 14 27 35 19 20 16 9 1 0 1 0 0 0
2003 3 0 0 0 0 0 5 4 4 6 7 17 23 26 37 25 38 32 17 11 3 2 4 2 1 0 0 0 0 0 2 1 1 6 5 5 1 2 2 0 0 0 0 0 0 0
2003 4 0 0 0 1 5 60 36 18 18 24 32 38 58 85 89 58 66 39 23 14 7 5 8 1 2 1 0 2 1 1 1 2 3 5 2 4 2 2 2 0 0 0 0 0 0
2004 1 0 0 0 0 0 0 0 0 0 0 0 1 4 1 5 4 3 2 3 2 3 0 1 0 1 1 0 0 2 0 1 0 3 0 3 3 1 0 0 1 0 0 0 1 0
2004 2 0 0 0 0 0 1 1 7 8 8 65 54 44 89 62 56 76 50 36 20 20 11 9 17 10 7 3 7 5 8 17 19 14 29 37 25 17 11 3 1 1 1 0 0 0
2004 3 0 0 0 0 0 0 0 0 0 0 25 20 13 5 8 10 9 9 11 9 5 4 4 2 1 0 1 1 0 3 1 1 0 2 1 2 2 0 0 1 0 0 0 0 0
2004 4 0 0 10 15 7 4 5 2 3 12 134 80 48 41 27 28 30 26 23 22 12 10 6 6 1 1 2 1 2 1 1 0 4 1 2 4 1 2 0 0 0 0 0 0 0
2005 1 0 0 0 0 0 0 0 1 0 0 4 5 7 3 5 3 2 1 2 2 2 2 1 1 0 1 1 0 0 3 0 0 0 1 0 2 0 0 0 0 0 0 0 0 0
2005 2 0 0 1 1 3 6 6 1 1 3 54 47 57 56 40 48 33 28 24 28 23 21 15 8 7 5 3 1 6 6 9 8 18 21 28 24 14 13 7 4 0 0 0 0 0
2005 3 0 0 0 0 1 0 1 0 0 1 126 97 79 89 76 60 47 28 24 19 15 17 5 4 2 4 3 2 2 2 0 0 0 2 2 2 2 0 0 2 0 0 0 0 0
2005 4 0 1 10 44 31 17 8 15 8 9 37 37 35 53 41 36 16 12 16 8 3 13 7 6 3 2 1 1 1 2 1 1 0 0 0 0 1 0 0 0 0 0 0 0 0
2006 1 0 0 0 0 0 0 0 0 0 0 3 11 14 11 16 9 17 20 10 6 8 6 1 0 2 4 0 2 1 0 0 1 0 1 0 0 0 0 0 0 0 0 0 0 0
2006 2 0 0 0 0 0 2 9 68 142 206 222 187 151 130 98 106 121 121 115 115 87 87 62 59 38 45 25 12 4 12 25 13 37 40 57 60 28 26 12 11 4 0 2 0 0
2006 3 0 0 0 1 0 0 1 3 11 7 64 65 36 26 18 23 32 26 22 22 20 15 11 6 6 3 3 0 3 2 2 2 2 3 3 2 1 1 0 1 0 0 0 0 0
2006 4 0 0 0 0 0 0 0 0 0 0 43 37 50 26 23 27 22 18 13 12 11 11 3 3 3 2 2 0 1 0 0 0 0 1 2 2 3 1 1 0 0 0 0 0 0
2007 1 0 0 0 0 0 0 0 0 0 0 0 0 0 0 0 0 0 0 0 0 0 0 0 0 0 0 0 0 0 0 0 0 0 0 0 0 0 0 0 0 0 0 0 0 0
2007 2 0 0 0 0 0 0 0 0 2 1 150 223 236 257 206 202 206 186 191 173 147 113 115 73 74 59 55 22 27 17 15 14 44 34 39 36 24 18 10 2 1 1 3 0 0
2007 3 0 0 0 0 0 0 0 0 0 0 55 56 67 74 94 112 82 78 52 44 33 18 18 2 6 2 8 3 0 0 1 0 0 0 0 1 1 0 0 0 0 0 0 0 0
2007 4 0 0 0 0 0 0 0 0 0 0 39 52 66 50 65 69 58 45 36 25 15 8 9 11 5 3 5 0 1 2 0 1 0 0 0 2 2 0 0 0 0 0 0 0 0
2008 1 0 0 0 0 0 0 0 0 0 0 0 0 0 0 0 0 0 0 0 0 0 0 0 0 0 0 0 0 0 0 0 0 0 0 0 0 0 0 0 0 0 0 0 0 0
2008 2 0 0 0 0 0 0 0 0 0 0 35 55 91 117 144 221 247 221 254 226 210 165 202 126 88 83 66 38 28 20 16 18 19 27 25 25 18 21 6 2 1 0 1 0 0
2008 3 0 0 0 7 10 37 95 140 10 1 83 64 61 72 75 92 76 91 91 67 58 33 39 17 10 12 4 2 4 0 1 0 1 2 0 0 0 0 0 0 0 0 0 0 0
2008 4 0 0 0 0 0 0 0 0 0 2 211 131 47 48 35 33 25 42 40 45 31 29 15 11 3 6 2 2 2 0 1 1 0 2 0 0 1 1 0 1 0 0 0 0 0
2009 1 0 0 0 0 0 0 0 0 0 0 0 0 0 0 0 0 0 0 0 0 0 0 0 0 0 0 0 0 0 0 0 0 0 0 0 0 0 0 0 0 0 0 0 0 0
2009 2 0 0 0 0 2 390 380 335 242 212 246 259 271 321 263 223 257 287 300 285 315 283 223 208 163 116 82 62 34 18 22 19 14 22 25 17 17 7 7 2 0 0 1 0 0
2009 3 0 0 0 2 7 42 75 78 42 62 68 52 34 32 51 39 33 25 26 20 19 17 21 19 3 7 3 0 1 0 0 0 0 0 1 0 1 0 0 0 0 0 0 0 0
2009 4 0 0 0 0 12 81 10 11 50 96 121 113 52 46 71 60 55 34 20 24 34 24 27 18 17 6 4 3 4 2 0 0 0 1 0 0 0 0 0 0 0 0 0 0 0
2010 1 0 0 0 0 0 0 0 0 0 0 0 0 0 0 0 0 0 0 0 0 1 0 0 0 0 0 0 0 0 0 0 0 0 0 0 1 0 0 0 0 0 0 0 0 0
2010 2 0 0 0 0 0 80 128 134 106 80 68 122 152 205 196 193 228 234 276 225 241 219 171 134 79 50 36 22 14 8 8 14 12 13 20 12 10 5 2 1 0 0 1 0 0
2010 3 0 0 0 6 12 26 38 59 28 32 27 50 50 36 49 77 92 90 80 81 60 43 41 26 19 9 8 4 2 1 1 4 6 4 3 6 10 2 2 0 0 0 0 0 0
2010 4 0 0 0 0 1 11 14 8 31 20 37 41 33 37 37 51 39 58 44 51 49 48 31 17 19 12 2 5 3 1 1 0 1 1 2 2 0 1 0 0 0 0 0 0 0
2011 1 0 0 0 0 0 0 0 0 0 0 0 0 0 0 0 0 0 0 0 0 0 0 0 0 0 0 0 0 0 0 0 0 0 0 0 0 0 0 0 0 0 0 0 0 0
2011 2 0 0 0 0 5 379 528 505 321 155 60 34 93 110 128 181 195 192 185 169 165 199 153 133 86 81 49 33 18 15 4 5 4 6 5 9 4 2 2 0 0 0 0 0 0
2011 3 0 0 0 0 0 1 3 9 25 34 50 34 24 3 13 8 18 18 25 22 23 11 11 8 5 2 0 2 0 2 0 0 0 0 0 0 0 0 0 0 0 0 0 0 0
2011 4 0 0 0 0 1 13 7 25 57 115 129 94 42 35 18 22 34 29 36 40 33 22 19 13 11 2 2 3 1 0 1 1 1 1 3 2 0 0 0 0 0 0 0 0 0
#Marks by year (row) and length (col)
1989 1 0 0 0 0 0 0 0 0 0 0 0 0 0 0 0 0 0 0 0 0 0 0 0 0 0 0 0 0 0 0 0 0 0 0 0 0 0 0 0 0 0 0 0 0 0
1989 2 0 0 0 0 0 0 0 0 0 0 0 0 0 0 1 2 2 2 7 1 3 1 3 3 3 9 15 14 37 36 26 29 20 20 30 14 4 2 2 1 1 2 1 0 0
1989 3 0 0 0 0 0 0 0 0 0 0 0 0 0 0 0 0 0 0 0 0 0 0 0 0 0 0 0 0 0 0 0 0 0 0 0 0 0 0 0 0 0 0 0 0 0
1989 4 0 0 0 0 0 0 0 0 0 0 0 0 0 0 0 0 0 0 0 0 0 0 0 0 0 0 0 0 0 0 0 0 0 0 0 0 0 0 0 0 0 0 0 0 0
1990 1 0 0 0 0 0 0 0 0 0 0 0 0 0 0 0 0 0 0 0 0 0 0 0 0 0 0 0 0 0 0 0 0 0 0 0 0 0 0 0 0 0 0 0 0 0
1990 2 0 0 0 0 0 0 0 0 0 0 0 0 0 0 0 0 1 1 0 0 0 0 1 0 0 0 3 1 2 6 1 4 0 5 10 1 5 6 1 0 1 1 0 0 0
1990 3 0 0 0 0 0 0 0 0 0 0 0 0 0 0 0 0 0 0 0 0 0 0 0 0 0 0 0 0 0 0 0 0 0 0 0 0 0 0 0 0 0 0 0 0 0
1990 4 0 0 0 0 0 0 0 0 0 0 0 0 0 0 0 1 0 2 0 2 0 1 0 2 4 0 1 1 8 5 7 10 5 5 10 6 2 2 2 0 1 0 0 0 0
1991 1 0 0 0 0 0 0 0 0 0 0 0 0 0 1 4 1 3 2 1 4 3 5 6 6 2 15 13 15 11 20 13 10 7 13 10 10 1 1 3 1 1 0 0 1 0
1991 2 0 0 0 0 0 0 0 0 0 0 0 0 0 0 1 1 1 1 2 0 2 2 2 1 3 6 0 2 3 8 4 6 9 5 7 2 3 1 1 0 0 0 0 0 0
1991 3 0 0 0 0 0 0 0 0 0 0 3 0 0 1 2 1 2 0 3 3 3 2 1 4 1 4 7 16 10 10 25 19 28 16 22 21 11 7 2 2 2 0 1 1 0
1991 4 0 0 0 0 0 0 0 0 0 0 1 2 0 0 1 0 1 0 0 0 1 0 0 0 0 0 0 1 1 2 3 3 8 3 3 4 0 2 0 1 1 0 0 0 0
1992 1 0 0 0 0 0 0 0 0 0 0 0 1 0 0 0 1 2 0 2 2 0 1 0 6 2 3 11 10 11 11 13 21 19 15 11 4 5 2 0 2 1 0 1 0 0
1992 2 0 0 0 0 0 0 0 0 0 0 0 0 1 1 4 3 2 3 4 6 1 1 3 4 2 3 7 2 6 7 7 6 10 8 4 5 3 4 1 0 0 0 0 0 0
1992 3 0 0 0 0 0 0 0 0 0 0 2 2 1 2 1 2 0 0 0 0 0 0 0 0 0 0 0 4 2 1 3 4 6 3 7 3 3 1 1 0 0 0 0 0 0
1992 4 0 0 0 0 0 0 0 0 0 0 0 0 0 0 0 0 1 1 0 0 0 0 0 0 0 3 0 1 4 0 1 1 1 4 0 1 0 1 0 0 1 0 0 0 0
1993 1 0 0 0 0 0 0 0 0 0 0 0 0 0 3 5 1 2 2 4 2 2 2 1 1 2 4 2 7 6 8 4 9 3 5 5 1 0 0 0 0 1 0 0 0 0
1993 2 0 0 0 0 0 0 0 0 0 1 1 3 3 6 2 6 2 4 1 2 1 2 1 4 2 0 0 2 2 6 4 4 10 4 5 4 5 3 1 1 0 0 0 0 1
1993 3 0 0 0 0 0 0 0 0 0 0 0 0 0 0 2 3 1 2 2 0 0 0 0 0 0 0 0 3 2 3 3 2 4 6 1 4 4 1 1 0 1 0 0 0 0
1993 4 0 0 0 0 0 0 0 0 0 0 0 0 0 1 0 0 1 1 1 1 1 0 0 0 0 1 0 0 0 1 2 1 2 1 3 2 0 2 1 0 0 0 1 0 0
1994 1 0 0 0 0 0 0 0 0 0 0 0 0 0 0 0 0 0 0 0 0 0 0 1 0 0 0 0 1 1 0 3 4 2 8 2 4 4 2 0 1 1 0 0 0 0
1994 2 0 0 0 0 0 0 0 0 0 0 0 0 0 0 0 0 1 0 0 0 0 0 0 1 0 0 0 1 0 1 2 1 0 0 1 0 1 0 0 0 0 0 0 1 0
1994 3 0 0 0 0 0 0 0 0 0 0 0 0 0 0 0 0 0 1 1 1 0 0 0 0 0 0 0 0 0 0 1 0 0 1 1 1 0 0 0 0 0 0 0 0 0
1994 4 0 0 0 0 0 0 0 0 0 0 0 0 0 0 0 0 0 0 0 0 0 0 0 0 0 0 0 0 0 0 0 1 1 0 0 0 0 0 0 0 0 0 0 0 0
1995 1 0 0 0 0 0 0 0 0 0 0 0 0 0 0 0 0 0 0 0 0 0 0 0 1 0 0 0 1 0 2 2 5 0 2 1 1 0 1 0 0 0 0 0 0 0
1995 2 0 0 0 0 0 0 0 0 0 0 0 0 0 0 0 0 0 0 0 0 0 0 0 0 0 0 0 0 0 0 0 0 1 1 0 0 0 0 0 0 0 0 0 0 0
1995 3 0 0 0 0 0 0 0 0 0 0 0 0 0 0 0 0 0 0 0 0 0 0 0 0 0 0 0 0 0 0 0 0 0 0 0 0 0 0 0 0 0 0 0 0 0
1995 4 0 0 0 0 0 0 0 0 0 0 0 0 0 0 0 0 0 0 0 0 0 0 0 0 0 0 0 0 0 0 0 0 0 0 0 0 0 0 0 0 0 0 0 0 0
1996 1 0 0 0 0 0 0 0 0 0 0 0 0 0 0 0 0 0 0 0 0 0 0 0 0 0 0 0 0 0 0 0 0 1 1 0 0 0 1 0 0 0 0 0 0 0
1996 2 0 0 0 0 0 0 0 0 0 0 0 0 0 0 0 0 0 0 0 0 0 0 0 0 0 0 0 1 0 0 1 1 0 0 0 0 0 0 0 0 0 0 0 0 0
1996 3 0 0 0 0 0 0 0 0 0 0 0 0 0 0 0 0 0 0 0 0 0 1 0 0 0 0 0 0 0 1 0 0 1 1 0 0 0 0 0 0 0 0 0 0 0
1996 4 0 0 0 0 0 0 0 0 0 0 0 0 0 0 0 0 0 0 0 0 0 0 0 0 0 0 0 0 0 0 0 0 0 0 0 0 0 0 0 0 0 0 0 0 0
1997 1 0 0 0 0 0 0 0 0 0 0 0 0 0 0 0 0 0 0 0 0 0 0 0 0 0 0 0 0 0 0 0 0 0 0 0 0 0 0 0 0 0 0 0 0 0
1997 2 0 0 0 0 0 0 0 0 0 0 0 0 0 0 0 1 0 0 0 0 0 1 0 0 0 0 0 0 3 1 2 1 6 3 3 0 2 0 0 1 0 0 0 0 0
1997 3 0 0 0 0 0 0 0 0 0 0 0 0 0 0 0 0 0 0 0 0 0 0 0 0 0 0 0 0 0 0 1 2 0 1 0 1 0 0 1 0 0 0 0 0 0
1997 4 0 0 0 0 0 0 0 0 0 0 0 0 0 0 0 0 0 0 0 0 0 0 0 0 0 0 0 0 0 0 0 0 0 0 0 0 0 0 0 0 0 0 0 0 0
1998 1 0 0 0 0 0 0 0 0 0 0 0 0 0 0 0 0 0 0 0 0 0 0 0 0 0 0 0 0 0 0 0 0 0 0 0 0 0 0 0 0 0 0 0 0 0
1998 2 0 0 0 0 0 0 0 0 0 0 0 0 0 0 0 0 0 0 0 0 0 0 0 0 0 0 0 1 0 0 0 0 1 0 0 0 1 0 0 0 0 0 0 0 0
1998 3 0 0 0 0 0 0 0 0 0 0 0 0 0 2 1 0 1 0 0 0 0 0 0 0 2 0 0 2 0 0 0 0 0 0 1 0 0 0 0 0 0 0 0 0 0
1998 4 0 0 0 0 0 0 0 0 0 0 0 0 0 0 0 0 0 0 0 0 0 0 0 0 0 0 0 0 0 0 0 0 0 0 0 0 0 0 0 0 0 0 0 0 0
1999 1 0 0 0 0 0 0 0 0 0 0 0 0 0 0 0 0 0 0 0 0 0 0 0 1 0 0 0 0 0 0 0 1 0 0 0 0 0 0 0 0 0 0 0 0 0
1999 2 0 0 0 0 0 0 0 0 0 0 0 0 0 0 0 0 0 1 0 1 0 0 0 0 0 1 0 0 0 0 0 1 0 1 1 0 1 3 0 0 0 0 0 0 0
1999 3 0 0 0 0 0 0 0 0 0 0 0 0 0 3 0 2 1 1 0 0 1 0 0 0 0 0 0 0 0 0 0 0 0 0 0 0 0 0 0 0 0 0 0 0 0
1999 4 0 0 0 0 0 0 0 0 0 0 0 0 0 0 0 0 0 0 0 0 0 0 0 0 0 0 0 0 0 0 0 0 0 0 0 0 0 0 0 0 0 0 0 0 0
2000 1 0 0 0 0 0 0 0 0 0 0 0 0 0 0 0 0 0 0 1 0 0 1 0 0 0 0 0 0 0 0 0 0 0 0 1 0 0 0 0 1 0 0 0 0 0
2000 2 0 0 0 0 0 0 0 0 0 0 0 0 0 0 0 0 0 0 0 0 0 0 0 0 0 0 0 0 0 0 0 0 0 0 0 0 0 0 0 0 0 0 0 0 0
2000 3 0 0 0 0 0 0 0 0 0 0 0 0 0 1 0 1 1 2 1 0 0 0 0 0 1 0 1 0 0 1 0 1 0 0 0 0 0 1 1 0 0 0 1 0 0
2000 4 0 0 0 0 0 0 0 0 0 0 0 0 0 0 0 0 0 0 1 0 0 0 0 0 0 0 0 0 0 0 0 0 0 0 0 0 0 0 0 1 0 0 0 0 0
2001 1 0 0 0 0 0 0 0 0 0 0 0 0 0 0 0 0 0 0 0 0 0 0 0 0 0 0 0 0 0 0 0 0 0 0 0 0 0 0 0 0 0 0 0 0 0
2001 2 0 0 0 0 0 0 0 0 0 0 0 0 0 0 0 0 1 1 1 0 0 0 1 0 1 0 0 0 0 0 0 0 0 1 0 0 2 0 0 0 0 0 0 0 0
2001 3 0 0 0 0 0 0 0 0 0 0 0 0 0 2 6 5 5 6 2 3 1 1 0 0 2 1 0 2 0 1 3 2 1 2 3 1 1 0 1 0 1 0 0 0 0
2001 4 0 0 0 0 0 0 0 0 0 0 0 0 0 0 0 0 0 0 0 0 0 0 0 0 0 0 0 0 0 0 0 0 0 0 0 0 0 0 0 0 0 0 0 0 0
2002 1 0 0 0 0 0 0 0 0 0 0 0 0 0 0 0 0 0 0 0 0 0 0 0 0 0 0 0 0 0 0 0 0 0 0 0 0 0 0 0 0 0 0 0 0 0
2002 2 0 0 0 0 0 0 0 0 0 0 0 0 0 0 0 0 0 0 0 0 0 0 0 0 0 0 0 0 0 0 0 0 0 0 0 0 0 0 0 0 0 0 0 0 0
2002 3 0 0 0 0 0 0 0 0 0 0 0 0 0 0 0 0 0 0 0 0 0 0 0 0 1 0 0 0 1 0 0 0 0 1 0 0 0 0 0 0 0 0 0 0 0
2002 4 0 0 0 0 0 0 0 0 0 0 0 0 0 0 0 0 0 0 0 0 0 0 0 0 0 0 0 0 0 0 0 0 0 0 0 0 0 0 0 0 0 0 0 0 0
2003 1 0 0 0 0 0 0 0 0 0 0 0 0 0 0 0 0 0 0 0 0 0 0 0 0 0 0 0 0 0 0 0 0 0 0 0 0 0 0 0 0 0 0 0 0 0
2003 2 0 0 0 0 0 0 0 0 0 0 0 0 0 0 0 1 0 0 0 1 0 0 0 0 0 0 0 0 0 1 0 0 0 0 0 0 0 0 0 0 0 1 0 0 0
2003 3 0 0 0 0 0 0 0 0 0 0 0 0 0 0 0 0 0 0 0 0 0 0 0 0 0 0 0 0 0 0 0 0 0 0 0 0 0 0 0 0 0 0 0 0 0
2003 4 0 0 0 0 0 0 0 0 0 0 0 0 0 0 0 0 0 0 0 0 0 0 0 0 0 0 0 0 0 0 0 0 0 0 0 0 0 0 0 0 0 0 0 0 0
2004 1 0 0 0 0 0 0 0 0 0 0 0 0 0 0 0 0 0 0 0 0 0 0 0 0 0 0 0 0 0 0 0 0 0 0 0 0 0 0 0 0 0 0 0 0 0
2004 2 0 0 0 0 0 0 0 0 0 0 0 0 0 0 1 1 1 0 0 1 0 0 0 0 0 0 1 0 0 0 0 0 1 0 0 0 0 0 0 0 0 0 0 0 0
2004 3 0 0 0 0 0 0 0 0 0 0 0 0 0 0 0 0 0 0 0 0 0 0 0 0 0 0 0 0 0 0 0 0 0 0 0 0 0 0 0 0 0 0 0 0 0
2004 4 0 0 0 0 0 0 0 0 0 0 0 0 0 0 0 0 0 0 0 0 0 0 0 0 0 0 0 0 0 0 0 0 0 0 0 0 0 0 0 0 0 0 0 0 0
2005 1 0 0 0 0 0 0 0 0 0 0 0 0 0 0 0 0 0 0 0 0 0 0 0 0 0 0 0 0 0 0 0 0 0 0 0 0 0 0 0 0 0 0 0 0 0
2005 2 0 0 0 0 0 0 0 0 0 0 0 0 1 3 9 7 9 7 6 5 0 0 0 3 0 1 0 1 2 0 1 1 3 0 3 2 2 0 0 0 0 0 0 0 0
2005 3 0 0 0 0 0 0 0 0 0 0 0 0 0 0 0 0 0 0 0 0 0 0 0 0 0 0 0 0 0 0 0 0 0 0 0 0 0 0 0 0 0 0 0 0 0
2005 4 0 0 0 0 0 0 0 0 0 0 0 0 0 0 0 0 0 0 0 0 0 0 0 0 0 0 0 0 0 0 0 0 0 0 0 0 0 0 0 0 0 0 0 0 0
2006 1 0 0 0 0 0 0 0 0 0 0 0 0 0 0 0 0 0 0 0 0 0 0 0 0 0 0 0 0 0 0 0 0 0 0 0 0 0 0 0 0 0 0 0 0 0
2006 2 0 0 0 0 0 0 0 0 0 0 0 0 1 2 4 4 1 2 3 1 2 0 1 1 0 0 0 1 1 0 0 0 0 0 0 0 0 0 0 0 0 0 0 0 0
2006 3 0 0 0 0 0 0 0 0 0 0 0 0 0 0 0 0 0 0 0 0 0 0 0 0 0 0 0 0 0 0 0 0 0 0 0 0 0 0 0 0 0 0 0 0 0
2006 4 0 0 0 0 0 0 0 0 0 0 0 0 0 0 0 0 0 0 0 0 0 0 0 0 0 0 0 0 0 0 0 0 0 0 0 0 0 0 0 0 0 0 0 0 0
2007 1 0 0 0 0 0 0 0 0 0 0 0 0 0 0 0 0 0 0 0 0 0 0 0 0 0 0 0 0 0 0 0 0 0 0 0 0 0 0 0 0 0 0 0 0 0
2007 2 0 0 0 0 0 0 0 0 0 0 0 0 1 9 31 26 19 15 8 13 6 5 3 2 1 0 0 0 0 1 1 0 2 0 0 1 1 0 0 0 0 0 0 0 0
2007 3 0 0 0 0 0 0 0 0 0 0 0 0 0 0 0 0 0 0 0 0 0 0 0 0 0 0 0 0 0 0 0 0 0 0 0 0 0 0 0 0 0 0 0 0 0
2007 4 0 0 0 0 0 0 0 0 0 0 0 0 0 0 0 0 0 0 0 0 0 0 0 0 0 0 0 0 0 0 0 0 0 0 0 0 0 0 0 0 0 0 0 0 0
2008 1 0 0 0 0 0 0 0 0 0 0 0 0 0 0 0 0 0 0 0 0 0 0 0 0 0 0 0 0 0 0 0 0 0 0 0 0 0 0 0 0 0 0 0 0 0
2008 2 0 0 0 0 0 0 0 0 0 0 0 0 0 0 0 0 0 0 0 0 0 0 0 0 0 0 0 0 0 0 0 0 0 0 0 0 0 0 0 0 0 0 0 0 0
2008 3 0 0 0 0 0 0 0 0 0 0 0 0 0 0 0 0 0 0 0 0 0 0 0 0 0 0 0 0 0 0 0 0 0 0 0 0 0 0 0 0 0 0 0 0 0
2008 4 0 0 0 0 0 0 0 0 0 0 0 0 0 0 0 0 0 0 0 0 0 0 0 0 0 0 0 0 0 0 0 0 0 0 0 0 0 0 0 0 0 0 0 0 0
2009 1 0 0 0 0 0 0 0 0 0 0 0 0 0 0 0 0 0 0 0 0 0 0 0 0 0 0 0 0 0 0 0 0 0 0 0 0 0 0 0 0 0 0 0 0 0
2009 2 0 0 0 0 0 0 0 0 0 0 0 0 0 0 0 0 0 0 0 0 0 0 0 0 0 0 0 0 0 0 0 0 0 0 0 0 0 0 0 0 0 0 0 0 0
2009 3 0 0 0 0 0 0 0 0 0 0 0 0 0 0 0 0 0 0 0 0 0 0 0 0 0 0 0 0 0 0 0 0 0 0 0 0 0 0 0 0 0 0 0 0 0
2009 4 0 0 0 0 0 0 0 0 0 0 0 0 0 0 0 0 0 0 0 0 0 0 0 0 0 0 0 0 0 0 0 0 0 0 0 0 0 0 0 0 0 0 0 0 0
2010 1 0 0 0 0 0 0 0 0 0 0 0 0 0 0 0 0 0 0 0 0 0 0 0 0 0 0 0 0 0 0 0 0 0 0 0 0 0 0 0 0 0 0 0 0 0
2010 2 0 0 0 0 0 0 0 0 0 0 0 0 0 0 0 0 0 0 0 0 0 0 0 0 0 0 0 0 0 0 0 0 0 0 0 0 0 0 0 0 0 0 0 0 0
2010 3 0 0 0 0 0 0 0 0 0 0 0 0 0 0 0 4 3 7 6 2 5 3 0 1 2 0 0 0 0 0 0 0 0 0 0 0 0 2 0 0 0 0 0 0 0
2010 4 0 0 0 0 0 0 0 0 0 0 0 0 0 0 0 0 0 0 0 0 0 0 0 0 0 0 0 0 0 0 0 0 0 0 0 0 0 0 0 0 0 0 0 0 0
2011 1 0 0 0 0 0 0 0 0 0 0 0 0 0 0 0 0 0 0 0 0 0 0 0 0 0 0 0 0 0 0 0 0 0 0 0 0 0 0 0 0 0 0 0 0 0
2011 2 0 0 0 0 0 0 0 0 0 0 0 0 0 0 0 0 0 0 0 0 0 0 0 0 0 0 0 0 0 0 0 0 0 0 0 0 0 0 0 0 0 0 0 0 0
2011 3 0 0 0 0 0 0 0 0 0 0 0 0 0 0 0 0 0 0 0 0 0 0 0 0 0 0 0 0 0 0 0 0 0 0 0 0 0 0 0 0 0 0 0 0 0
2011 4 0 0 0 0 0 0 0 0 0 0 0 0 0 0 0 0 0 0 0 0 0 0 0 0 0 0 0 0 0 0 0 0 0 0 0 0 0 0 0 0 0 0 0 0 0
1989 1 0 0 0 0 0 0 0 0 0 0 0 0 0 0 0 0 0 0 0 0 0 0 0 0 0 0 0 0 0 0 0 0 0 0 0 0 0 0 0 0 0 0 0 0 0
1989 2 0 0 0 0 0 0 0 2 2 3 16 18 34 29 28 33 35 25 11 15 9 11 12 8 10 11 20 19 17 14 19 25 16 12 12 6 3 2 1 3 1 0 0 0 0
1989 3 0 0 0 0 0 0 0 0 0 0 0 0 0 0 0 0 0 0 0 0 0 0 0 0 0 0 0 0 0 0 0 0 0 0 0 0 0 0 0 0 0 0 0 0 0
1989 4 0 0 0 0 0 0 0 0 0 0 0 0 0 0 0 0 0 0 0 0 0 0 0 0 0 0 0 0 0 0 0 0 0 0 0 0 0 0 0 0 0 0 0 0 0
1990 1 0 0 0 0 0 0 0 0 0 0 0 0 0 0 0 0 0 0 0 0 0 0 0 0 0 0 0 0 0 0 0 0 0 0 0 0 0 0 0 0 0 0 0 0 0
1990 2 0 0 0 0 0 0 0 1 2 6 7 2 17 6 17 33 29 27 32 31 21 17 12 10 8 10 8 12 10 12 11 13 8 18 11 2 6 5 1 0 0 0 0 0 1
1990 3 0 0 0 0 0 0 0 0 0 0 0 0 0 0 0 0 0 0 0 0 0 0 0 0 0 0 0 0 0 0 0 0 0 0 0 0 0 0 0 0 0 0 0 0 0
1990 4 0 0 0 0 0 0 0 0 0 0 0 0 0 0 0 0 0 0 0 0 0 0 0 0 0 0 0 0 0 0 0 0 0 0 0 0 0 0 0 0 0 0 0 0 0
1991 1 0 0 0 0 0 0 0 0 0 0 0 0 0 0 0 0 1 1 1 0 0 0 0 1 0 0 0 0 0 1 0 0 0 0 0 0 0 0 0 0 0 0 0 0 0
1991 2 0 0 0 0 0 0 0 0 0 0 17 40 28 32 25 26 18 20 16 23 20 11 14 12 12 7 9 16 15 22 22 27 13 21 14 8 6 2 2 1 2 0 1 0 0
1991 3 0 0 0 0 0 0 0 0 0 0 155 142 141 96 124 124 84 68 66 58 80 64 44 81 67 53 52 50 52 51 44 41 28 21 15 11 6 3 0 0 1 1 0 0 0
1991 4 0 0 0 0 0 0 0 0 0 1 32 29 18 24 12 10 14 8 7 8 5 3 11 10 3 4 2 0 3 4 3 1 3 2 4 0 0 1 0 0 0 1 0 0 0
1992 1 0 0 0 0 0 0 0 0 0 0 3 6 3 5 6 5 7 8 9 10 14 9 11 22 16 34 28 39 50 54 52 59 64 41 37 15 10 4 4 2 0 1 0 2 0
1992 2 0 0 0 0 0 1 0 0 0 1 74 79 71 69 32 45 48 49 48 33 28 48 37 31 30 23 39 38 32 55 54 49 57 43 37 19 13 11 3 3 1 1 0 1 1
1992 3 0 0 0 0 0 0 0 0 0 0 25 26 9 13 16 11 12 8 3 6 7 7 4 5 3 4 1 1 1 1 1 1 1 1 1 2 0 0 0 0 0 0 0 0 0
1992 4 0 0 0 0 0 0 0 0 0 0 67 30 12 15 10 7 3 8 5 3 2 1 3 3 0 6 4 5 4 4 6 6 9 12 7 6 6 2 0 2 1 0 0 0 0
1993 1 0 0 0 0 0 0 0 0 1 0 20 11 7 1 2 8 1 5 3 5 3 7 12 8 8 10 21 20 26 28 34 50 24 26 21 8 11 6 1 2 0 0 0 0 0
1993 2 0 0 0 0 0 0 0 0 14 23 307 183 178 69 68 35 32 29 21 15 10 15 19 13 11 11 15 16 8 17 26 21 25 25 16 16 7 7 1 0 0 1 0 1 0
1993 3 0 0 0 0 0 0 0 0 0 15 185 174 173 132 105 65 26 17 12 7 9 8 6 7 7 7 2 3 0 3 5 3 2 3 1 1 1 1 0 0 0 0 0 0 0
1993 4 0 0 0 0 0 0 0 0 0 2 41 27 31 30 25 16 10 5 3 1 4 4 1 1 0 0 0 0 0 1 1 0 2 1 2 0 2 1 0 0 0 0 0 0 0
1994 1 0 0 0 0 0 0 0 0 0 0 10 7 15 12 14 9 7 2 5 0 1 0 2 1 4 3 3 3 2 9 9 8 7 7 8 1 4 1 0 0 1 0 0 0 0
1994 2 0 0 0 0 0 0 0 0 0 5 72 65 57 61 42 32 20 25 17 6 9 2 5 5 5 2 3 5 6 6 10 9 5 6 5 2 3 3 0 1 0 0 0 0 0
1994 3 0 0 0 0 0 0 0 0 0 2 11 18 8 13 16 13 6 5 6 6 3 1 1 0 1 0 0 0 0 1 0 0 0 0 0 1 0 0 0 0 0 0 0 0 0
1994 4 0 0 0 0 0 0 0 0 0 0 18 7 6 11 12 10 6 5 4 2 1 0 0 2 0 0 0 0 2 0 1 0 0 0 1 0 0 0 0 0 0 0 0 0 0
1995 1 0 0 0 0 0 0 0 0 0 0 10 7 6 6 11 9 4 7 5 0 2 5 3 2 2 1 3 6 8 10 10 3 4 6 5 4 3 4 0 0 0 0 0 0 0
1995 2 0 0 0 0 0 0 0 0 0 0 49 40 33 22 28 14 8 9 11 6 7 7 4 3 4 7 2 4 5 10 15 6 12 10 10 3 1 3 0 0 0 0 0 0 0
1995 3 0 0 0 0 0 0 0 0 0 0 0 0 0 0 0 0 0 0 0 0 0 0 0 0 0 0 0 0 0 0 0 0 0 0 0 0 0 0 0 0 0 0 0 0 0
1995 4 0 0 0 0 0 0 0 0 0 0 0 0 0 0 0 0 0 0 0 0 0 0 0 0 0 0 0 0 0 0 0 0 0 0 0 0 0 0 0 0 0 0 0 0 0
1996 1 0 0 0 0 0 0 0 0 0 0 0 0 0 0 0 0 0 0 0 0 0 0 0 0 0 0 0 0 0 0 0 0 0 0 0 0 0 0 0 0 0 0 0 0 0
1996 2 0 0 0 0 0 0 0 0 0 0 4 5 4 4 5 2 3 2 3 0 0 1 0 0 0 0 1 1 1 0 2 1 0 0 0 2 0 0 0 0 0 0 0 0 0
1996 3 0 0 0 0 0 0 0 0 0 0 0 0 0 0 0 0 0 0 0 0 0 0 0 0 0 0 0 0 0 0 0 0 0 0 0 0 0 0 0 0 0 0 0 0 0
1996 4 0 0 0 0 0 0 0 0 0 0 0 0 0 0 0 0 0 0 0 0 0 0 0 0 0 0 0 0 0 0 0 0 0 0 0 0 0 0 0 0 0 0 0 0 0
1997 1 0 0 0 0 0 0 0 0 0 0 0 0 0 0 0 0 0 0 0 0 0 0 0 0 0 0 0 0 0 0 0 0 0 0 0 0 0 0 0 0 0 0 0 0 0
1997 2 0 0 0 0 0 0 0 0 0 0 4 4 0 2 2 4 3 2 1 2 0 0 1 0 0 0 0 0 0 1 0 0 1 0 1 0 0 0 0 0 0 0 0 0 0
1997 3 0 0 0 0 0 0 0 0 0 0 0 0 0 0 0 0 0 0 0 0 0 0 0 0 0 0 0 0 0 0 0 0 0 0 0 0 0 0 0 0 0 0 0 0 0
1997 4 0 0 0 0 0 0 0 0 0 0 0 0 0 0 0 0 0 0 0 0 0 0 0 0 0 0 0 0 0 0 0 0 0 0 0 0 0 0 0 0 0 0 0 0 0
1998 1 0 0 0 0 0 0 0 0 0 0 1 0 0 0 0 0 0 0 0 0 0 0 0 0 0 0 0 0 0 0 0 0 0 0 0 0 0 0 0 0 0 0 0 0 0
1998 2 0 0 0 0 0 0 0 0 0 7 13 7 19 12 12 13 3 4 8 1 4 5 1 3 1 0 1 0 0 0 0 1 1 1 1 0 0 1 0 0 0 0 0 0 0
1998 3 0 0 0 0 0 0 0 0 0 1 12 8 11 4 8 5 2 2 2 1 2 2 0 1 1 0 0 0 0 1 0 0 0 0 0 0 1 0 0 0 0 0 0 0 0
1998 4 0 0 0 0 0 0 0 0 0 0 3 3 0 2 2 0 1 0 0 1 0 0 0 0 0 0 0 0 0 0 0 0 0 0 0 0 0 0 0 0 0 0 0 0 0
1999 1 0 0 0 0 0 0 0 2 0 1 1 0 0 0 0 0 0 0 0 0 0 0 0 0 0 0 0 0 0 0 0 0 0 0 0 0 0 0 0 0 0 0 0 0 0
1999 2 0 0 0 0 0 8 11 2 2 9 21 13 11 11 10 8 7 8 4 1 2 1 1 2 2 0 1 1 0 2 0 1 0 0 1 0 2 0 0 0 0 0 0 0 0
1999 3 0 0 0 0 0 3 1 3 6 3 8 7 2 1 2 1 0 1 0 0 0 0 0 0 0 0 0 0 0 0 0 0 0 0 0 0 0 0 0 0 0 0 0 0 0
1999 4 0 0 0 0 0 3 6 3 13 11 14 13 4 4 6 5 3 5 1 0 0 0 1 0 0 0 0 0 0 0 0 0 0 0 0 0 0 0 0 0 0 0 0 0 0
2000 1 0 0 0 0 0 0 0 0 0 0 0 0 0 1 1 0 0 0 0 0 0 0 0 0 0 0 0 0 0 0 0 0 0 0 0 0 0 0 0 0 0 0 0 0 0
2000 2 0 0 0 0 0 1 0 11 6 14 37 44 23 26 31 25 24 21 26 24 23 17 23 20 9 1 4 4 2 0 0 3 0 1 1 1 0 1 0 0 0 0 0 0 0
2000 3 0 0 0 0 0 0 0 3 1 0 0 0 0 0 0 2 0 0 0 0 0 0 0 0 0 0 0 0 0 0 0 0 0 0 0 0 0 0 0 0 0 0 0 0 0
2000 4 0 0 0 0 2 16 21 20 31 34 27 28 44 36 27 19 20 19 6 11 4 7 1 5 1 2 0 1 0 0 0 0 0 0 0 0 0 0 0 0 0 0 0 0 0
2001 1 0 0 0 0 0 0 0 0 0 0 0 0 0 0 0 0 0 0 0 0 0 0 0 0 0 0 0 0 0 0 0 0 0 0 0 0 0 0 0 0 0 0 0 0 0
2001 2 0 0 0 0 11 126 137 138 97 86 69 62 61 66 54 26 26 23 20 15 14 11 7 11 7 6 1 3 2 2 2 1 0 1 0 0 1 2 0 0 0 0 0 0 0
2001 3 0 0 0 0 0 8 8 4 8 6 5 4 2 3 1 2 0 0 0 0 0 0 2 0 0 0 0 0 0 0 0 0 0 0 0 1 0 0 0 0 0 0 0 0 0
2001 4 0 0 0 0 1 143 90 64 77 67 68 57 67 30 27 26 28 15 19 18 7 10 9 5 7 6 2 0 0 0 0 0 0 1 0 0 0 1 1 0 0 0 0 0 0
2002 1 0 0 0 0 0 0 0 0 0 0 0 0 0 0 0 0 0 0 0 0 0 0 0 0 0 0 0 0 0 0 0 0 0 0 0 0 0 0 0 0 0 0 0 0 0
2002 2 0 0 0 0 0 97 53 14 9 7 135 80 32 30 26 28 20 7 14 7 4 4 5 5 9 5 3 3 3 1 4 2 6 5 2 5 2 4 0 1 0 0 0 0 0
2002 3 0 0 0 0 0 0 0 0 0 1 128 103 83 45 13 9 7 5 4 1 3 1 1 2 2 2 1 1 0 0 1 1 1 0 1 0 0 0 0 0 0 0 0 0 0
2002 4 0 0 0 0 0 0 0 0 0 0 1 2 0 1 1 1 1 0 0 2 0 0 0 0 0 1 0 0 0 0 0 0 0 0 0 0 0 0 0 0 0 1 0 0 0
2003 1 0 0 0 0 0 0 0 0 0 1 11 4 6 4 0 2 0 0 1 0 0 0 0 0 0 0 0 0 0 0 0 0 0 0 0 0 0 0 0 0 0 0 0 0 0
2003 2 0 0 0 0 0 0 0 0 1 1 82 110 83 74 47 16 4 9 3 2 3 3 0 4 2 2 1 0 0 6 1 1 0 4 5 1 2 1 2 0 0 0 0 0 0
2003 3 0 0 0 0 0 5 3 4 6 7 15 18 24 29 18 28 15 8 5 1 0 0 0 0 0 0 0 0 0 0 0 1 1 0 1 1 0 0 0 0 0 0 0 0 0
2003 4 0 0 0 1 5 59 33 17 16 22 28 28 41 49 58 26 37 13 12 5 5 1 1 0 2 0 0 0 0 0 0 0 2 2 0 0 0 0 0 0 0 0 0 0 0
2004 1 0 0 0 0 0 0 0 0 0 0 0 0 3 1 3 1 2 0 0 0 1 0 1 0 0 0 0 0 2 0 0 0 1 0 0 1 0 0 0 0 0 0 0 0 0
2004 2 0 0 0 0 0 0 1 2 3 2 42 32 25 40 20 23 26 19 14 3 3 2 2 4 1 2 1 1 1 2 2 1 1 1 3 2 1 1 2 0 0 0 0 0 0
2004 3 0 0 0 0 0 0 0 0 0 0 24 18 12 3 7 2 3 6 0 3 2 2 0 1 0 0 1 1 0 1 0 0 0 0 0 0 0 0 0 0 0 0 0 0 0
2004 4 0 0 10 15 7 4 5 0 3 11 115 73 39 33 15 15 17 11 6 6 7 4 4 1 0 0 0 1 0 0 0 0 1 0 0 0 0 0 0 0 0 0 0 0 0
2005 1 0 0 0 0 0 0 0 1 0 0 4 4 5 3 4 2 1 1 1 1 2 0 0 1 0 1 1 0 0 1 0 0 0 0 0 1 0 0 0 0 0 0 0 0 0
2005 2 0 0 1 1 1 6 5 1 1 2 43 36 40 29 30 26 15 13 8 11 9 6 6 2 5 1 1 0 2 2 0 2 2 2 3 5 0 1 1 1 0 0 0 0 0
2005 3 0 0 0 0 1 0 1 0 0 1 117 90 68 79 62 44 30 12 10 4 8 5 1 1 0 0 0 1 1 0 0 0 0 0 1 1 0 0 0 1 0 0 0 0 0
2005 4 0 1 10 40 28 15 7 13 8 8 29 20 20 28 19 19 5 4 7 1 1 2 2 3 1 1 0 0 0 0 1 1 0 0 0 0 0 0 0 0 0 0 0 0 0
2006 1 0 0 0 0 0 0 0 0 0 0 3 11 13 10 12 8 11 16 5 3 7 5 1 0 2 2 0 0 0 0 0 0 0 0 0 0 0 0 0 0 0 0 0 0 0
2006 2 0 0 0 0 0 2 8 53 107 125 144 119 92 69 45 44 42 37 40 33 35 32 14 22 13 8 3 3 1 4 2 1 4 4 5 6 2 2 1 1 0 0 0 0 0
2006 3 0 0 0 1 0 0 1 1 4 5 53 45 20 14 11 9 16 10 11 4 9 4 3 1 2 0 1 0 0 0 1 0 0 0 0 1 1 0 0 0 0 0 0 0 0
2006 4 0 0 0 0 0 0 0 0 0 0 39 30 43 21 16 15 18 14 9 6 7 4 1 2 0 1 1 0 0 0 0 0 0 0 0 0 0 0 0 0 0 0 0 0 0
2007 1 0 0 0 0 0 0 0 0 0 0 0 0 0 0 0 0 0 0 0 0 0 0 0 0 0 0 0 0 0 0 0 0 0 0 0 0 0 0 0 0 0 0 0 0 0
2007 2 0 0 0 0 0 0 0 0 2 1 125 166 168 178 116 89 73 63 54 51 47 31 19 18 13 11 7 2 4 3 4 0 6 1 4 2 2 2 1 0 0 0 1 0 0
2007 3 0 0 0 0 0 0 0 0 0 0 53 53 62 63 63 80 57 51 30 21 16 9 6 1 3 0 2 0 0 0 0 0 0 0 0 1 1 0 0 0 0 0 0 0 0
2007 4 0 0 0 0 0 0 0 0 0 0 25 38 50 26 39 26 24 23 20 9 3 1 3 3 1 0 0 0 0 0 0 1 0 0 0 0 0 0 0 0 0 0 0 0 0
2008 1 0 0 0 0 0 0 0 0 0 0 0 0 0 0 0 0 0 0 0 0 0 0 0 0 0 0 0 0 0 0 0 0 0 0 0 0 0 0 0 0 0 0 0 0 0
2008 2 0 0 0 0 0 0 0 0 0 0 30 36 54 64 86 105 112 95 101 79 69 41 52 37 11 14 14 4 5 2 2 3 2 2 4 0 1 2 1 0 0 0 0 0 0
2008 3 0 0 0 7 10 37 95 140 10 0 77 58 41 40 46 52 33 37 35 22 21 13 12 3 5 6 2 1 0 0 0 0 0 0 0 0 0 0 0 0 0 0 0 0 0
2008 4 0 0 0 0 0 0 0 0 0 1 182 100 35 33 19 16 9 15 11 15 9 10 4 2 0 2 0 0 0 0 0 0 0 0 0 0 1 0 0 0 0 0 0 0 0
2009 1 0 0 0 0 0 0 0 0 0 0 0 0 0 0 0 0 0 0 0 0 0 0 0 0 0 0 0 0 0 0 0 0 0 0 0 0 0 0 0 0 0 0 0 0 0
2009 2 0 0 0 0 0 346 329 282 177 141 171 175 170 160 103 68 90 94 94 95 89 71 63 48 22 20 17 4 7 3 2 3 0 0 2 0 0 0 1 0 0 0 0 0 0
2009 3 0 0 0 2 7 41 74 78 36 46 48 36 22 15 28 20 9 11 7 3 2 2 1 2 1 1 0 0 0 0 0 0 0 0 0 0 0 0 0 0 0 0 0 0 0
2009 4 0 0 0 0 9 75 9 10 33 57 85 64 30 18 31 22 21 11 5 3 4 4 2 0 0 1 0 0 1 0 0 0 0 0 0 0 0 0 0 0 0 0 0 0 0
2010 1 0 0 0 0 0 0 0 0 0 0 0 0 0 0 0 0 0 0 0 0 1 0 0 0 0 0 0 0 0 0 0 0 0 0 0 0 0 0 0 0 0 0 0 0 0
2010 2 0 0 0 0 0 60 100 85 84 47 39 79 84 121 111 110 112 131 156 112 114 104 79 56 24 19 10 8 3 4 1 2 2 0 0 1 0 0 0 1 0 0 0 0 0
2010 3 0 0 0 6 12 23 36 53 19 19 14 25 27 18 25 31 33 31 26 31 18 18 14 8 5 2 1 1 0 0 0 0 0 0 0 0 0 0 0 0 0 0 0 0 0
2010 4 0 0 0 0 1 9 10 4 15 9 20 17 9 15 12 15 13 19 15 17 15 14 9 7 4 2 1 1 0 0 0 0 0 0 0 0 0 0 0 0 0 0 0 0 0
2011 1 0 0 0 0 0 0 0 0 0 0 0 0 0 0 0 0 0 0 0 0 0 0 0 0 0 0 0 0 0 0 0 0 0 0 0 0 0 0 0 0 0 0 0 0 0
2011 2 0 0 0 0 4 329 427 399 260 114 44 18 42 38 45 62 75 68 67 51 63 58 47 45 24 20 14 11 5 6 0 1 0 1 0 1 1 1 0 0 0 0 0 0 0
2011 3 0 0 0 0 0 1 3 3 14 26 35 21 9 2 5 3 7 3 10 6 5 4 1 3 0 1 0 0 0 0 0 0 0 0 0 0 0 0 0 0 0 0 0 0 0
2011 4 0 0 0 0 1 13 7 21 37 75 86 70 25 18 8 7 5 6 5 10 12 6 4 1 0 0 0 0 1 0 0 0 1 0 0 0 0 0 0 0 0 0 0 0 0
#Recaps by year (row) and length (col)
1989 1 0 0 0 0 0 0 0 0 0 0 0 0 0 0 0 0 0 0 0 0 0 0 0 0 0 0 0 0 0 0 0 0 0 0 0 0 0 0 0 0 0 0 0 0 0
1989 2 0 0 0 0 0 0 0 1 0 0 0 0 1 0 1 2 0 0 0 0 0 0 0 1 1 1 4 2 1 2 4 2 4 1 2 0 0 0 0 0 0 0 0 0 0
1989 3 0 0 0 0 0 0 0 0 0 0 0 0 0 0 0 0 0 0 0 0 0 0 0 0 0 0 0 0 0 0 0 0 0 0 0 0 0 0 0 0 0 0 0 0 0
1989 4 0 0 0 0 0 0 0 0 0 0 0 0 0 0 0 0 0 0 0 0 0 0 0 0 0 0 0 0 0 0 0 0 0 0 0 0 0 0 0 0 0 0 0 0 0
1990 1 0 0 0 0 0 0 0 0 0 0 0 0 0 0 0 0 0 0 0 0 0 0 0 0 0 0 0 0 0 0 0 0 0 0 0 0 0 0 0 0 0 0 0 0 0
1990 2 0 0 0 0 0 0 0 0 0 0 0 0 0 0 0 0 0 0 0 0 0 0 0 0 0 0 1 0 0 1 1 0 0 1 2 0 0 1 0 0 0 0 0 0 0
1990 3 0 0 0 0 0 0 0 0 0 0 0 0 0 0 0 0 0 0 0 0 0 0 0 0 0 0 0 0 0 0 0 0 0 0 0 0 0 0 0 0 0 0 0 0 0
1990 4 0 0 0 0 0 0 0 0 0 0 0 0 0 0 0 0 0 0 0 0 0 0 0 0 0 0 0 0 2 0 0 1 0 1 0 0 1 0 0 0 0 0 0 0 0
1991 1 0 0 0 0 0 0 0 0 0 0 0 0 0 0 0 0 0 0 1 0 0 0 2 0 0 0 4 4 2 1 3 0 2 0 6 2 1 0 0 0 0 0 0 0 0
1991 2 0 0 0 0 0 0 0 0 0 0 0 0 0 0 0 0 0 1 1 1 0 0 0 0 1 0 0 0 1 1 0 1 2 2 1 0 0 0 0 0 0 0 0 0 0
1991 3 0 0 0 0 0 0 0 0 0 0 0 4 1 1 1 0 3 0 3 3 1 0 1 2 4 3 4 5 10 7 4 12 6 8 7 4 4 1 1 1 0 0 1 0 0
1991 4 0 0 0 0 0 0 0 0 0 0 2 6 8 1 2 2 0 0 0 0 0 0 0 1 0 0 0 2 3 2 3 1 5 0 2 4 0 0 0 1 0 0 0 0 0
1992 1 0 0 0 0 0 0 0 0 0 0 1 3 0 1 0 0 0 0 0 0 0 1 0 2 1 2 3 5 6 5 3 15 8 5 9 6 6 2 1 0 0 0 0 0 0
1992 2 0 0 0 0 0 0 0 0 0 0 0 0 0 0 0 1 1 4 2 2 3 0 1 2 4 3 8 9 10 12 10 9 12 12 7 8 2 2 0 2 0 0 0 0 0
1992 3 0 0 0 0 0 0 0 0 0 0 0 1 0 0 2 3 0 0 1 1 0 0 0 1 1 0 2 2 4 6 5 5 7 6 1 5 4 4 0 1 0 0 0 0 0
1992 4 0 0 0 0 0 0 0 0 0 0 0 0 0 0 0 1 0 0 0 1 0 0 0 0 0 1 1 2 3 0 3 3 4 4 1 1 3 1 1 0 0 0 0 0 0
1993 1 0 0 0 0 0 0 0 0 0 0 0 0 0 0 2 2 3 4 2 2 3 6 7 5 7 8 10 7 19 12 22 14 12 12 14 13 4 2 0 2 1 1 0 0 0
1993 2 0 0 0 0 0 0 0 0 0 1 3 0 0 1 2 1 5 4 2 6 5 3 4 2 4 4 5 11 7 11 17 15 6 14 18 14 6 5 3 2 0 1 0 0 0
1993 3 0 0 0 0 0 0 0 0 0 0 0 0 0 0 0 1 1 0 3 2 0 1 1 2 2 2 4 9 8 14 19 26 24 28 7 17 9 4 2 0 0 2 0 0 0
1993 4 0 0 0 0 0 0 0 0 0 0 0 0 0 0 0 0 0 2 1 1 2 1 0 2 2 1 4 5 2 6 1 7 5 8 4 5 5 2 1 0 0 0 0 0 0
1994 1 0 0 0 0 0 0 0 0 0 0 0 0 0 0 0 0 0 0 1 0 0 0 1 0 1 1 0 1 3 10 13 11 11 8 10 5 2 4 3 2 2 2 0 0 0
1994 2 0 0 0 0 0 0 0 0 0 0 0 0 0 0 0 1 0 0 0 0 0 0 0 0 1 1 2 3 3 3 6 4 4 8 2 2 2 0 0 1 1 0 0 0 0
1994 3 0 0 0 0 0 0 0 0 0 0 0 0 0 0 1 1 0 0 1 0 0 0 2 1 1 1 1 3 4 2 5 6 3 5 2 3 2 1 1 0 1 0 0 0 0
1994 4 0 0 0 0 0 0 0 0 0 0 0 0 0 0 0 0 0 0 0 0 0 0 0 0 0 0 0 0 0 1 0 2 0 0 1 0 0 0 0 0 0 0 0 0 0
1995 1 0 0 0 0 0 0 0 0 0 0 0 0 0 0 0 0 0 0 0 0 1 1 1 1 1 2 2 4 4 4 7 7 7 8 7 3 4 1 2 0 1 0 0 0 0
1995 2 0 0 0 0 0 0 0 0 0 0 0 0 0 0 0 0 0 0 0 0 0 0 0 0 0 0 0 1 0 1 5 4 5 4 2 0 5 4 1 0 0 0 0 0 0
1995 3 0 0 0 0 0 0 0 0 0 0 0 0 0 0 0 0 0 0 0 0 0 0 0 0 0 0 0 0 0 0 0 0 0 0 0 0 0 0 0 0 0 0 0 0 0
1995 4 0 0 0 0 0 0 0 0 0 0 0 0 0 0 0 0 0 0 0 0 0 0 0 0 0 0 0 0 0 0 0 0 0 0 0 0 0 0 0 0 0 0 0 0 0
1996 1 0 0 0 0 0 0 0 0 0 0 0 0 0 0 0 0 0 0 0 0 0 0 0 0 0 0 1 1 3 3 1 1 1 2 5 1 0 0 0 0 0 0 0 0 0
1996 2 0 0 0 0 0 0 0 0 0 0 0 0 0 0 0 0 0 0 0 1 0 0 3 1 1 1 0 1 1 2 1 3 5 2 3 1 1 1 0 0 1 0 0 0 0
1996 3 0 0 0 0 0 0 0 0 0 0 0 0 0 0 0 0 0 0 0 1 0 0 0 1 0 0 0 1 0 0 1 2 3 1 0 2 1 1 0 0 0 0 0 0 0
1996 4 0 0 0 0 0 0 0 0 0 0 0 0 0 0 0 0 0 0 0 0 0 0 0 0 0 0 0 0 0 0 0 0 0 0 0 0 0 0 0 0 0 0 0 0 0
1997 1 0 0 0 0 0 0 0 0 0 0 0 0 0 0 0 0 0 0 0 0 0 0 0 0 0 0 1 1 0 3 0 1 0 0 0 0 0 0 0 0 0 0 0 0 0
1997 2 0 0 0 0 0 0 0 0 0 0 0 0 0 0 0 0 0 1 1 0 0 0 2 0 0 1 2 4 4 7 8 12 13 18 10 4 4 0 0 0 1 0 0 0 0
1997 3 0 0 0 0 0 0 0 0 0 0 0 0 0 0 0 0 0 0 0 0 0 0 0 0 0 0 1 2 5 2 3 4 0 1 3 3 0 1 0 0 0 0 0 0 0
1997 4 0 0 0 0 0 0 0 0 0 0 0 0 0 0 0 0 0 0 0 0 0 0 0 0 0 0 0 0 0 0 0 0 0 0 0 0 0 0 0 0 0 0 0 0 0
1998 1 0 0 0 0 0 0 0 0 0 0 0 0 0 0 0 0 0 0 0 0 0 0 0 0 0 0 0 0 0 0 0 0 0 0 0 0 0 0 0 0 0 0 0 0 0
1998 2 0 0 0 0 0 0 0 0 0 0 0 0 0 0 0 0 0 0 0 0 0 0 0 0 0 0 0 1 0 0 0 2 3 3 4 3 0 1 1 0 0 0 0 0 0
1998 3 0 0 0 0 0 0 0 0 0 0 0 0 0 0 0 2 0 0 0 0 0 0 1 1 0 0 1 0 1 3 3 2 3 4 1 1 5 0 0 0 0 0 0 0 0
1998 4 0 0 0 0 0 0 0 0 0 0 0 0 0 0 0 0 0 0 0 0 0 0 0 0 0 0 0 0 0 0 0 0 0 0 0 0 0 0 0 0 0 0 0 0 0
1999 1 0 0 0 0 0 0 0 0 0 0 0 0 0 0 0 0 0 0 0 0 0 0 0 0 0 0 0 0 0 0 1 0 0 0 0 0 0 0 0 0 0 0 0 0 0
1999 2 0 0 0 0 0 0 0 0 0 0 0 0 0 0 0 1 0 0 0 0 0 1 0 0 0 0 1 0 2 1 0 1 3 5 2 6 2 2 1 0 0 0 0 0 0
1999 3 0 0 0 0 0 0 0 0 0 0 0 0 0 0 0 0 0 0 0 0 0 0 0 0 1 1 0 0 2 0 0 0 0 0 0 0 0 1 0 0 0 0 0 0 0
1999 4 0 0 0 0 0 0 0 0 0 0 0 0 0 0 0 0 0 0 0 0 0 0 0 0 0 0 0 0 0 0 0 0 0 0 0 0 0 0 0 0 0 0 0 0 0
2000 1 0 0 0 0 0 0 0 0 0 0 0 0 0 0 0 0 0 0 0 0 0 0 0 0 0 1 0 1 1 0 1 1 0 2 2 2 2 0 0 0 0 0 0 0 0
2000 2 0 0 0 0 0 0 0 0 0 0 0 0 0 0 0 0 0 0 0 0 0 0 0 0 0 0 0 0 0 0 0 1 0 0 0 0 0 0 0 0 0 0 0 0 0
2000 3 0 0 0 0 0 0 0 0 0 0 0 0 0 0 0 0 0 0 0 0 0 0 0 0 0 1 2 0 0 2 2 3 3 6 3 6 3 2 2 2 1 0 0 0 0
2000 4 0 0 0 0 0 0 0 0 0 0 0 0 0 0 0 0 0 0 0 0 0 0 0 0 0 0 0 0 1 0 1 1 0 2 0 4 0 0 1 0 0 0 0 0 0
2001 1 0 0 0 0 0 0 0 0 0 0 0 0 0 0 0 0 0 0 0 0 0 0 0 0 0 0 0 0 0 0 0 0 0 0 0 0 0 0 0 0 0 0 0 0 0
2001 2 0 0 0 0 0 0 0 0 0 0 0 0 0 0 0 0 0 0 1 0 1 0 0 0 0 0 0 0 0 0 2 0 4 7 11 3 2 2 0 1 0 1 0 0 0
2001 3 0 0 0 0 0 0 0 0 0 0 0 0 0 0 0 1 3 1 0 2 0 0 0 0 1 1 0 2 2 5 10 13 14 18 23 17 14 6 3 1 0 0 0 0 1
2001 4 0 0 0 0 0 0 0 0 0 0 0 0 0 0 0 0 0 0 0 0 0 0 0 0 0 0 0 0 0 0 0 0 0 0 0 0 0 0 0 0 0 0 0 0 0
2002 1 0 0 0 0 0 0 0 0 0 0 0 0 0 0 0 0 0 0 0 0 0 0 0 0 0 0 0 0 0 0 0 0 0 0 0 0 0 0 0 0 0 0 0 0 0
2002 2 0 0 0 0 0 0 0 0 0 0 0 0 0 0 0 0 0 0 0 0 0 0 0 0 0 0 0 0 0 0 0 0 0 0 0 0 0 0 0 0 0 0 0 0 0
2002 3 0 0 0 0 0 0 0 0 0 0 0 0 0 0 0 0 0 0 0 0 0 0 0 0 0 0 0 0 0 2 1 1 1 0 1 1 0 0 0 0 0 0 0 0 0
2002 4 0 0 0 0 0 0 0 0 0 0 0 0 0 0 0 0 0 0 0 0 0 0 0 0 0 0 0 0 0 0 0 0 0 0 0 0 0 0 0 0 0 0 0 0 0
2003 1 0 0 0 0 0 0 0 0 0 0 0 0 0 0 0 0 0 0 0 0 0 0 0 0 0 0 0 0 0 0 0 0 0 0 0 0 0 0 0 0 0 0 0 0 0
2003 2 0 0 0 0 0 0 0 0 0 0 0 0 0 0 0 0 0 0 1 0 0 0 0 0 0 0 0 0 2 0 1 1 1 2 7 0 5 2 0 1 0 0 0 0 0
2003 3 0 0 0 0 0 0 0 0 0 0 0 0 0 0 0 0 0 0 0 0 0 0 0 0 0 0 0 0 0 0 0 0 0 0 0 0 0 0 0 0 0 0 0 0 0
2003 4 0 0 0 0 0 0 0 0 0 0 0 0 0 0 0 0 0 0 0 0 0 0 0 0 0 0 0 0 0 0 0 0 0 0 0 0 0 0 0 0 0 0 0 0 0
2004 1 0 0 0 0 0 0 0 0 0 0 0 0 0 0 0 0 0 0 0 0 0 0 0 0 0 0 0 0 0 0 0 0 0 0 0 0 0 0 0 0 0 0 0 0 0
2004 2 0 0 0 0 0 0 0 0 0 0 0 0 0 0 0 0 0 4 0 0 0 2 0 1 0 1 0 0 0 1 1 1 6 7 5 4 4 2 1 1 2 0 0 0 0
2004 3 0 0 0 0 0 0 0 0 0 0 0 0 0 0 0 0 0 0 0 0 0 0 0 0 0 0 0 0 0 0 0 0 0 0 0 0 0 0 0 0 0 0 0 0 0
2004 4 0 0 0 0 0 0 0 0 0 0 0 0 0 0 0 0 0 0 0 0 0 0 0 0 0 0 0 0 0 0 0 0 0 0 0 0 0 0 0 0 0 0 0 0 0
2005 1 0 0 0 0 0 0 0 0 0 0 0 0 0 0 0 0 0 0 0 0 0 0 0 0 0 0 0 0 0 0 0 0 0 0 0 0 0 0 0 0 0 0 0 0 0
2005 2 0 0 0 0 0 0 0 0 0 0 0 0 0 0 2 2 5 1 2 4 0 1 0 1 0 1 1 0 0 2 4 3 7 7 19 16 13 4 3 5 3 0 1 0 0
2005 3 0 0 0 0 0 0 0 0 0 0 0 0 0 0 0 0 0 0 0 0 0 0 0 0 0 0 0 0 0 0 0 0 0 0 0 0 0 0 0 0 0 0 0 0 0
2005 4 0 0 0 0 0 0 0 0 0 0 0 0 0 0 0 0 0 0 0 0 0 0 0 0 0 0 0 0 0 0 0 0 0 0 0 0 0 0 0 0 0 0 0 0 0
2006 1 0 0 0 0 0 0 0 0 0 0 0 0 0 0 0 0 0 0 0 0 0 0 0 0 0 0 0 0 0 0 0 0 0 0 0 0 0 0 0 0 0 0 0 0 0
2006 2 0 0 0 0 0 0 0 0 0 0 0 0 0 1 1 1 0 0 0 2 3 1 0 0 0 0 1 0 0 0 1 0 3 3 7 5 0 3 2 0 0 0 0 0 0
2006 3 0 0 0 0 0 0 0 0 0 0 0 0 0 0 0 0 0 0 0 0 0 0 0 0 0 0 0 0 0 0 0 0 0 0 0 0 0 0 0 0 0 0 0 0 0
2006 4 0 0 0 0 0 0 0 0 0 0 0 0 0 0 0 0 0 0 0 0 0 0 0 0 0 0 0 0 0 0 0 0 0 0 0 0 0 0 0 0 0 0 0 0 0
2007 1 0 0 0 0 0 0 0 0 0 0 0 0 0 0 0 0 0 0 0 0 0 0 0 0 0 0 0 0 0 0 0 0 0 0 0 0 0 0 0 0 0 0 0 0 0
2007 2 0 0 0 0 0 0 0 0 0 0 0 0 0 1 4 5 9 3 4 3 5 3 5 4 0 1 1 1 0 0 1 1 4 4 4 4 4 5 2 0 1 0 0 0 0
2007 3 0 0 0 0 0 0 0 0 0 0 0 0 0 0 0 0 0 0 0 0 0 0 0 0 0 0 0 0 0 0 0 0 0 0 0 0 0 0 0 0 0 0 0 0 0
2007 4 0 0 0 0 0 0 0 0 0 0 0 0 0 0 0 0 0 0 0 0 0 0 0 0 0 0 0 0 0 0 0 0 0 0 0 0 0 0 0 0 0 0 0 0 0
2008 1 0 0 0 0 0 0 0 0 0 0 0 0 0 0 0 0 0 0 0 0 0 0 0 0 0 0 0 0 0 0 0 0 0 0 0 0 0 0 0 0 0 0 0 0 0
2008 2 0 0 0 0 0 0 0 0 0 0 0 0 0 0 0 0 0 0 0 0 0 0 0 0 0 0 0 0 0 0 0 0 0 0 0 0 0 0 0 0 0 0 0 0 0
2008 3 0 0 0 0 0 0 0 0 0 0 0 0 0 0 0 0 0 0 0 0 0 0 0 0 0 0 0 0 0 0 0 0 0 0 0 0 0 0 0 0 0 0 0 0 0
2008 4 0 0 0 0 0 0 0 0 0 0 0 0 0 0 0 0 0 0 0 0 0 0 0 0 0 0 0 0 0 0 0 0 0 0 0 0 0 0 0 0 0 0 0 0 0
2009 1 0 0 0 0 0 0 0 0 0 0 0 0 0 0 0 0 0 0 0 0 0 0 0 0 0 0 0 0 0 0 0 0 0 0 0 0 0 0 0 0 0 0 0 0 0
2009 2 0 0 0 0 0 0 0 0 0 0 0 0 0 0 0 0 0 0 0 0 0 0 0 0 0 0 0 0 0 0 0 0 0 0 0 0 0 0 0 0 0 0 0 0 0
2009 3 0 0 0 0 0 0 0 0 0 0 0 0 0 0 0 0 0 0 0 0 0 0 0 0 0 0 0 0 0 0 0 0 0 0 0 0 0 0 0 0 0 0 0 0 0
2009 4 0 0 0 0 0 0 0 0 0 0 0 0 0 0 0 0 0 0 0 0 0 0 0 0 0 0 0 0 0 0 0 0 0 0 0 0 0 0 0 0 0 0 0 0 0
2010 1 0 0 0 0 0 0 0 0 0 0 0 0 0 0 0 0 0 0 0 0 0 0 0 0 0 0 0 0 0 0 0 0 0 0 0 0 0 0 0 0 0 0 0 0 0
2010 2 0 0 0 0 0 0 0 0 0 0 0 0 0 0 0 0 0 0 0 0 0 0 0 0 0 0 0 0 0 0 0 0 0 0 0 0 0 0 0 0 0 0 0 0 0
2010 3 0 0 0 0 0 0 0 0 0 0 0 0 0 0 1 0 0 1 3 2 2 0 1 0 2 0 0 1 1 0 1 1 4 3 5 2 5 1 0 0 0 0 0 0 0
2010 4 0 0 0 0 0 0 0 0 0 0 0 0 0 0 0 0 0 0 0 0 0 0 0 0 0 0 0 0 0 0 0 0 0 0 0 0 0 0 0 0 0 0 0 0 0
2011 1 0 0 0 0 0 0 0 0 0 0 0 0 0 0 0 0 0 0 0 0 0 0 0 0 0 0 0 0 0 0 0 0 0 0 0 0 0 0 0 0 0 0 0 0 0
2011 2 0 0 0 0 0 0 0 0 0 0 0 0 0 0 0 0 0 0 0 0 0 0 0 0 0 0 0 0 0 0 0 0 0 0 0 0 0 0 0 0 0 0 0 0 0
2011 3 0 0 0 0 0 0 0 0 0 0 0 0 0 0 0 0 0 0 0 0 0 0 0 0 0 0 0 0 0 0 0 0 0 0 0 0 0 0 0 0 0 0 0 0 0
2011 4 0 0 0 0 0 0 0 0 0 0 0 0 0 0 0 0 0 0 0 0 0 0 0 0 0 0 0 0 0 0 0 0 0 0 0 0 0 0 0 0 0 0 0 0 0
1989 1 0 0 0 0 0 0 0 0 0 0 0 0 0 0 0 0 0 0 0 0 0 0 0 0 0 0 0 0 0 0 0 0 0 0 0 0 0 0 0 0 0 0 0 0 0
1989 2 0 0 0 0 0 0 0 0 0 0 3 6 12 5 1 9 5 1 3 1 2 1 0 0 0 1 1 2 4 2 4 2 0 2 5 1 1 1 0 0 0 0 0 0 0
1989 3 0 0 0 0 0 0 0 0 0 0 0 0 0 0 0 0 0 0 0 0 0 0 0 0 0 0 0 0 0 0 0 0 0 0 0 0 0 0 0 0 0 0 0 0 0
1989 4 0 0 0 0 0 0 0 0 0 0 0 0 0 0 0 0 0 0 0 0 0 0 0 0 0 0 0 0 0 0 0 0 0 0 0 0 0 0 0 0 0 0 0 0 0
1990 1 0 0 0 0 0 0 0 0 0 0 0 0 0 0 0 0 0 0 0 0 0 0 0 0 0 0 0 0 0 0 0 0 0 0 0 0 0 0 0 0 0 0 0 0 0
1990 2 0 0 0 0 0 0 0 0 0 1 1 0 1 1 2 9 5 7 3 1 4 4 2 3 2 1 0 4 4 1 0 2 3 1 1 0 3 1 0 0 0 0 0 0 0
1990 3 0 0 0 0 0 0 0 0 0 0 0 0 0 0 0 0 0 0 0 0 0 0 0 0 0 0 0 0 0 0 0 0 0 0 0 0 0 0 0 0 0 0 0 0 0
1990 4 0 0 0 0 0 0 0 0 0 0 0 0 0 0 0 0 0 0 0 0 0 0 0 0 0 0 0 0 0 0 0 0 0 0 0 0 0 0 0 0 0 0 0 0 0
1991 1 0 0 0 0 0 0 0 0 0 0 0 0 0 0 0 0 0 0 0 0 0 0 0 0 0 0 0 0 0 0 0 0 0 0 0 0 0 0 0 0 0 0 0 0 0
1991 2 0 0 0 0 0 0 0 0 0 0 4 7 4 1 1 5 8 2 1 4 1 1 4 3 2 0 2 2 6 3 3 6 7 4 4 1 0 2 1 1 0 1 0 0 0
1991 3 0 0 0 0 0 0 0 0 0 4 42 97 83 78 79 73 55 55 42 34 41 41 42 31 27 16 25 17 27 10 13 18 10 9 5 3 6 1 1 0 0 0 0 0 0
1991 4 0 0 0 0 0 0 0 0 0 0 9 25 32 33 35 15 19 15 22 8 18 22 16 16 12 12 7 4 7 2 5 4 0 4 4 1 0 0 0 0 0 0 1 0 0
1992 1 0 0 0 0 0 0 0 0 0 0 3 10 8 9 12 14 6 12 9 6 9 16 14 9 18 15 17 19 33 23 32 32 37 14 10 7 2 4 1 2 0 0 0 0 0
1992 2 0 0 0 0 0 0 1 0 0 0 18 34 56 63 80 83 58 59 80 62 62 49 54 56 67 57 51 66 68 58 80 66 63 38 37 30 10 5 2 4 1 0 0 0 0
1992 3 0 0 0 0 0 0 0 0 0 0 3 9 15 15 18 21 34 18 24 19 23 15 13 18 9 14 10 15 5 7 7 2 5 5 1 3 2 0 1 0 0 0 0 0 0
1992 4 0 0 0 0 0 0 0 0 0 0 8 3 8 8 4 13 19 16 11 10 5 7 9 8 7 5 9 5 2 9 8 10 7 16 8 4 8 4 1 0 1 1 0 0 0
1993 1 0 0 0 0 0 0 0 0 1 0 2 7 2 3 4 4 11 16 17 11 16 13 24 28 37 32 38 39 39 55 57 62 52 36 37 15 13 6 1 1 0 0 0 0 0
1993 2 0 0 0 0 0 0 0 0 2 3 37 53 67 42 39 50 46 66 70 48 48 37 52 44 45 33 43 63 56 74 70 81 58 45 34 27 13 4 6 2 0 1 0 0 0
1993 3 0 0 0 0 0 0 0 0 0 5 51 78 90 93 93 66 49 50 44 45 34 44 41 51 35 33 22 25 24 12 14 13 4 10 4 4 3 0 0 0 0 0 0 0 0
1993 4 0 0 0 0 0 0 0 0 0 1 12 30 50 44 45 30 22 24 14 7 14 8 8 5 6 8 6 3 3 6 3 12 6 5 10 7 6 4 1 1 1 0 0 0 0
1994 1 0 0 0 0 0 0 0 0 0 1 5 8 21 22 9 15 10 16 10 14 12 13 10 13 8 9 9 8 19 18 14 25 28 22 12 7 4 4 4 0 0 0 1 0 0
1994 2 0 0 0 0 0 0 0 0 0 0 23 39 77 75 81 90 91 61 55 51 34 35 41 32 40 35 31 34 40 50 46 40 42 21 26 17 10 5 1 0 0 0 0 0 0
1994 3 0 0 0 0 0 0 0 0 0 0 5 15 18 31 39 30 24 40 22 10 10 13 10 11 4 8 14 6 7 4 4 2 2 3 2 1 0 1 0 0 0 0 0 0 0
1994 4 0 0 0 0 0 0 0 0 0 0 2 3 5 10 15 23 24 27 17 15 12 10 8 4 7 4 9 3 2 4 2 2 0 1 0 2 5 1 1 0 0 0 0 0 0
1995 1 0 0 0 0 0 0 0 0 0 0 5 3 8 5 18 11 17 16 22 18 16 28 13 20 26 28 33 25 28 31 41 46 36 42 31 12 12 6 4 2 2 0 1 0 0
1995 2 0 0 0 0 0 0 0 0 0 0 11 12 15 28 31 30 52 44 28 37 23 29 37 40 41 60 40 49 68 55 71 62 72 62 46 29 17 9 4 0 2 0 0 0 0
1995 3 0 0 0 0 0 0 0 0 0 0 0 0 0 0 0 0 0 0 0 0 0 0 0 0 0 0 0 0 0 0 0 0 0 0 0 0 0 0 0 0 0 0 0 0 0
1995 4 0 0 0 0 0 0 0 0 0 0 0 0 0 0 0 0 0 0 0 0 0 0 0 0 0 0 0 0 0 0 0 0 0 0 0 0 0 0 0 0 0 0 0 0 0
1996 1 0 0 0 0 0 0 0 0 0 0 0 0 0 0 0 0 0 0 0 0 0 0 0 0 0 0 0 0 0 0 0 0 0 0 0 0 0 0 0 0 0 0 0 0 0
1996 2 0 0 0 0 0 0 0 0 0 0 0 1 3 0 4 0 2 0 1 2 4 0 3 3 3 1 8 6 9 4 2 1 2 8 4 1 0 0 0 0 0 0 0 0 0
1996 3 0 0 0 0 0 0 0 0 0 0 0 0 0 0 0 0 0 0 0 0 0 0 0 0 0 0 0 0 0 0 0 0 0 0 0 0 0 0 0 0 0 0 0 0 0
1996 4 0 0 0 0 0 0 0 0 0 0 0 0 0 0 0 0 0 0 0 0 0 0 0 0 0 0 0 0 0 0 0 0 0 0 0 0 0 0 0 0 0 0 0 0 0
1997 1 0 0 0 0 0 0 0 0 0 0 0 0 0 0 0 0 0 0 0 0 0 0 0 0 0 0 0 0 0 0 0 0 0 0 0 0 0 0 0 0 0 0 0 0 0
1997 2 0 0 0 0 0 0 0 0 0 0 2 1 0 0 1 0 1 4 1 0 2 1 2 1 0 0 0 1 2 1 0 2 3 3 1 0 1 0 0 0 0 0 0 0 0
1997 3 0 0 0 0 0 0 0 0 0 0 0 0 0 0 0 0 0 0 0 0 0 0 0 0 0 0 0 0 0 0 0 0 0 0 0 0 0 0 0 0 0 0 0 0 0
1997 4 0 0 0 0 0 0 0 0 0 0 0 0 0 0 0 0 0 0 0 0 0 0 0 0 0 0 0 0 0 0 0 0 0 0 0 0 0 0 0 0 0 0 0 0 0
1998 1 0 0 0 0 0 0 0 0 0 0 0 0 0 0 0 0 0 0 0 0 0 0 0 0 0 0 0 0 0 0 0 0 0 0 0 0 0 0 0 0 0 0 0 0 0
1998 2 0 0 0 0 0 0 0 0 0 2 10 7 12 17 12 10 3 6 7 1 11 5 8 7 9 1 6 1 6 3 6 1 6 9 1 2 3 2 0 0 0 1 0 0 0
1998 3 0 0 0 0 0 0 0 0 0 0 0 0 0 0 0 0 1 0 0 0 0 0 0 0 1 0 0 0 0 0 1 0 0 0 0 0 0 0 0 0 0 0 0 0 0
1998 4 0 0 0 0 0 0 0 0 0 0 1 1 0 0 0 0 0 0 0 0 0 0 0 0 1 0 0 0 0 0 0 0 0 0 0 0 0 0 0 0 0 0 0 0 0
1999 1 0 0 0 0 0 0 0 0 0 0 0 0 0 0 0 0 0 0 0 0 0 0 0 0 0 0 0 0 0 0 0 1 0 0 0 1 0 0 0 0 0 0 0 0 0
1999 2 0 0 0 0 0 0 0 0 0 2 0 0 3 3 2 2 4 3 1 1 1 2 4 1 1 2 6 1 2 2 9 5 6 11 6 8 2 1 3 1 0 0 0 0 0
1999 3 0 0 0 0 0 0 0 0 0 0 0 0 0 0 0 0 0 0 0 0 1 0 0 0 0 0 0 0 0 0 0 0 0 0 0 0 0 1 0 0 0 0 0 0 0
1999 4 0 0 0 0 0 0 0 1 3 4 0 2 1 0 0 0 1 1 0 0 0 0 0 0 0 0 0 0 0 2 0 0 0 0 1 0 0 0 0 0 0 0 0 0 0
2000 1 0 0 0 0 0 0 0 0 0 0 0 0 0 0 0 0 0 0 0 0 0 0 0 0 0 0 0 0 0 0 0 0 0 0 0 0 0 0 0 0 0 0 0 0 0
2000 2 0 0 0 0 0 1 1 4 7 7 8 10 9 10 9 7 12 15 13 16 13 11 13 3 5 2 4 3 4 5 3 8 7 6 5 5 2 3 2 1 0 0 0 0 0
2000 3 0 0 0 0 0 0 0 0 0 0 0 0 0 0 0 0 0 0 0 0 0 0 0 0 0 0 0 0 0 0 0 0 0 0 0 0 0 0 0 0 0 0 0 0 0
2000 4 0 0 0 0 0 0 1 1 7 7 6 5 7 10 12 8 7 7 1 1 4 3 1 2 0 2 0 0 0 2 0 1 3 1 2 1 0 1 0 0 0 0 0 0 0
2001 1 0 0 0 0 0 0 0 0 0 0 0 0 0 0 0 0 0 0 0 0 0 0 0 0 0 0 0 0 0 0 0 0 0 0 0 0 0 0 0 0 0 0 0 0 0
2001 2 0 0 0 0 2 26 37 36 41 39 51 45 41 41 60 37 37 18 11 7 10 8 1 9 2 4 5 6 6 11 16 18 31 22 23 18 13 7 2 2 1 0 0 0 0
2001 3 0 0 0 0 0 0 0 0 0 0 1 0 0 0 0 0 0 0 1 0 0 0 0 0 0 0 0 0 0 0 0 1 2 2 0 1 0 0 0 0 0 0 0 0 0
2001 4 0 0 0 0 0 24 32 44 74 91 86 113 112 98 111 93 63 54 74 36 32 29 33 16 10 4 3 1 0 0 1 2 0 3 3 5 9 6 1 0 0 0 0 0 0
2002 1 0 0 0 0 0 0 0 0 0 0 0 0 0 0 0 0 0 0 0 0 0 0 0 0 0 0 0 0 0 0 0 0 0 0 0 0 0 0 0 0 0 0 0 0 0
2002 2 0 0 0 0 0 21 44 42 35 55 109 102 82 83 99 55 75 70 46 33 26 18 18 24 15 14 6 6 7 14 16 37 21 56 61 50 33 23 8 6 2 1 0 0 0
2002 3 0 0 0 0 0 0 0 0 2 5 34 39 28 33 40 33 22 25 15 22 17 6 7 6 2 2 4 0 4 1 4 5 4 5 4 5 5 2 2 0 0 0 0 0 0
2002 4 0 0 0 0 0 0 0 0 4 8 40 56 34 41 42 41 26 28 18 15 12 12 5 4 6 2 2 3 3 2 0 3 11 18 15 16 10 7 5 1 1 0 0 0 0
2003 1 0 0 0 0 0 0 0 0 0 0 0 1 1 5 6 0 3 0 0 0 1 1 0 0 0 1 0 0 0 0 0 0 2 0 0 0 0 0 0 0 0 0 0 0 0
2003 2 0 0 0 0 0 0 0 0 0 1 17 33 30 54 41 39 19 31 12 12 12 10 5 9 12 5 2 6 3 10 22 22 14 23 30 18 18 15 7 1 0 1 0 0 0
2003 3 0 0 0 0 0 0 1 0 0 0 2 5 2 8 7 10 17 9 6 2 2 4 2 1 0 0 0 0 0 2 1 0 5 5 4 0 2 2 0 0 0 0 0 0 0
2003 4 0 0 0 0 0 1 3 1 2 2 4 10 17 36 31 32 29 26 11 9 2 4 7 1 0 1 0 2 1 1 1 2 1 3 2 4 2 2 2 0 0 0 0 0 0
2004 1 0 0 0 0 0 0 0 0 0 0 0 1 1 0 2 3 1 2 3 2 2 0 0 0 1 1 0 0 0 0 1 0 2 0 3 2 1 0 0 1 0 0 0 1 0
2004 2 0 0 0 0 0 1 0 5 5 6 23 22 19 49 42 33 50 31 22 17 17 9 7 13 9 5 2 6 4 6 15 18 13 28 34 23 16 10 1 1 1 1 0 0 0
2004 3 0 0 0 0 0 0 0 0 0 0 1 2 1 2 1 8 6 3 11 6 3 2 4 1 1 0 0 0 0 2 1 1 0 2 1 2 2 0 0 1 0 0 0 0 0
2004 4 0 0 0 0 0 0 0 2 0 1 19 7 9 8 12 13 13 15 17 16 5 6 2 5 1 1 2 0 2 1 1 0 3 1 2 4 1 2 0 0 0 0 0 0 0
2005 1 0 0 0 0 0 0 0 0 0 0 0 1 2 0 1 1 1 0 1 1 0 2 1 0 0 0 0 0 0 2 0 0 0 1 0 1 0 0 0 0 0 0 0 0 0
2005 2 0 0 0 0 2 0 1 0 0 1 11 11 17 27 10 22 18 15 16 17 14 15 9 6 2 4 2 1 4 4 9 6 16 19 25 19 14 12 6 3 0 0 0 0 0
2005 3 0 0 0 0 0 0 0 0 0 0 9 7 11 10 14 16 17 16 14 15 7 12 4 3 2 4 3 1 1 2 0 0 0 2 1 1 2 0 0 1 0 0 0 0 0
2005 4 0 0 0 4 3 2 1 2 0 1 8 17 15 25 22 17 11 8 9 7 2 11 5 3 2 1 1 1 1 2 0 0 0 0 0 0 1 0 0 0 0 0 0 0 0
2006 1 0 0 0 0 0 0 0 0 0 0 0 0 1 1 4 1 6 4 5 3 1 1 0 0 0 2 0 2 1 0 0 1 0 1 0 0 0 0 0 0 0 0 0 0 0
2006 2 0 0 0 0 0 0 1 15 35 81 78 68 59 61 53 62 79 84 75 82 52 55 48 37 25 37 22 9 3 8 23 12 33 36 52 54 26 24 11 10 4 0 2 0 0
2006 3 0 0 0 0 0 0 0 2 7 2 11 20 16 12 7 14 16 16 11 18 11 11 8 5 4 3 2 0 3 2 1 2 2 3 3 1 0 1 0 1 0 0 0 0 0
2006 4 0 0 0 0 0 0 0 0 0 0 4 7 7 5 7 12 4 4 4 6 4 7 2 1 3 1 1 0 1 0 0 0 0 1 2 2 3 1 1 0 0 0 0 0 0
2007 1 0 0 0 0 0 0 0 0 0 0 0 0 0 0 0 0 0 0 0 0 0 0 0 0 0 0 0 0 0 0 0 0 0 0 0 0 0 0 0 0 0 0 0 0 0
2007 2 0 0 0 0 0 0 0 0 0 0 25 57 68 79 90 113 133 123 137 122 100 82 96 55 61 48 48 20 23 14 11 14 38 33 35 34 22 16 9 2 1 1 2 0 0
2007 3 0 0 0 0 0 0 0 0 0 0 2 3 5 11 31 32 25 27 22 23 17 9 12 1 3 2 6 3 0 0 1 0 0 0 0 0 0 0 0 0 0 0 0 0 0
2007 4 0 0 0 0 0 0 0 0 0 0 14 14 16 24 26 43 34 22 16 16 12 7 6 8 4 3 5 0 1 2 0 0 0 0 0 2 2 0 0 0 0 0 0 0 0
2008 1 0 0 0 0 0 0 0 0 0 0 0 0 0 0 0 0 0 0 0 0 0 0 0 0 0 0 0 0 0 0 0 0 0 0 0 0 0 0 0 0 0 0 0 0 0
2008 2 0 0 0 0 0 0 0 0 0 0 5 19 37 53 58 116 135 126 153 147 141 124 150 89 77 69 52 34 23 18 14 15 17 25 21 25 17 19 5 2 1 0 1 0 0
2008 3 0 0 0 0 0 0 0 0 0 1 6 6 20 32 29 40 43 54 56 45 37 20 27 14 5 6 2 1 4 0 1 0 1 2 0 0 0 0 0 0 0 0 0 0 0
2008 4 0 0 0 0 0 0 0 0 0 1 29 31 12 15 16 17 16 27 29 30 22 19 11 9 3 4 2 2 2 0 1 1 0 2 0 0 0 1 0 1 0 0 0 0 0
2009 1 0 0 0 0 0 0 0 0 0 0 0 0 0 0 0 0 0 0 0 0 0 0 0 0 0 0 0 0 0 0 0 0 0 0 0 0 0 0 0 0 0 0 0 0 0
2009 2 0 0 0 0 2 44 51 53 65 71 75 84 101 161 160 155 167 193 206 190 226 212 160 160 141 96 65 58 27 15 20 16 14 22 23 17 17 7 6 2 0 0 1 0 0
2009 3 0 0 0 0 0 1 1 0 6 16 20 16 12 17 23 19 24 14 19 17 17 15 20 17 2 6 3 0 1 0 0 0 0 0 1 0 1 0 0 0 0 0 0 0 0
2009 4 0 0 0 0 3 6 1 1 17 39 36 49 22 28 40 38 34 23 15 21 30 20 25 18 17 5 4 3 3 2 0 0 0 1 0 0 0 0 0 0 0 0 0 0 0
2010 1 0 0 0 0 0 0 0 0 0 0 0 0 0 0 0 0 0 0 0 0 0 0 0 0 0 0 0 0 0 0 0 0 0 0 0 1 0 0 0 0 0 0 0 0 0
2010 2 0 0 0 0 0 20 28 49 22 33 29 43 68 84 85 83 116 103 120 113 127 115 92 78 55 31 26 14 11 4 7 12 10 13 20 11 10 5 2 0 0 0 1 0 0
2010 3 0 0 0 0 0 3 2 6 9 13 13 25 23 18 24 46 59 59 54 50 42 25 27 18 14 7 7 3 2 1 1 4 6 4 3 6 10 2 2 0 0 0 0 0 0
2010 4 0 0 0 0 0 2 4 4 16 11 17 24 24 22 25 36 26 39 29 34 34 34 22 10 15 10 1 4 3 1 1 0 1 1 2 2 0 1 0 0 0 0 0 0 0
2011 1 0 0 0 0 0 0 0 0 0 0 0 0 0 0 0 0 0 0 0 0 0 0 0 0 0 0 0 0 0 0 0 0 0 0 0 0 0 0 0 0 0 0 0 0 0
2011 2 0 0 0 0 1 50 101 106 61 41 16 16 51 72 83 119 120 124 118 118 102 141 106 88 62 61 35 22 13 9 4 4 4 5 5 8 3 1 2 0 0 0 0 0 0
2011 3 0 0 0 0 0 0 0 6 11 8 15 13 15 1 8 5 11 15 15 16 18 7 10 5 5 1 0 2 0 2 0 0 0 0 0 0 0 0 0 0 0 0 0 0 0
2011 4 0 0 0 0 0 0 0 4 20 40 43 24 17 17 10 15 29 23 31 30 21 16 15 12 11 2 2 3 0 0 1 1 0 1 3 2 0 0 0 0 0 0 0 0 0
#End of file
999
