# Number of parameters = 150  Objective function value = 9183.53  Maximum gradient component = 2252.13
# theta[1]:
7.46569162156
# theta[2]:
7.57298623333
# theta[3]:
0.200000000000
# theta[4]:
36.0177232871
# theta[5]:
0.173413027665
# theta[6]:
0.750000000000
# theta[7]:
10.2083592540
# theta[8]:
0.195107075036
# log_bar_f:
 -2.29240915198 -2.37068905429
# log_tau:
 0.224224155405 0.0266357790985
# sel_par[1]:
 -0.338893199398 -0.487317326838 -0.623444005783 -0.598628842726 -0.492623846862 -0.491395760913 -0.589966052191 -0.477449302835 -0.457292417171 -0.514648825171 -0.334135383524 -0.417903470628 -0.407766515066 -0.346283660129 -0.439558685992
# sel_par[2]:
 -0.754023770463 -0.836975213585 -0.977225683341 -0.965581400391 -0.969181316237 -0.866364206966 -0.819093716162 -0.867979089775 -0.822006516036 -0.827214883125 -0.764475048218 -0.859836257403 -0.754452911073 -0.742738172205 -0.757281400552
# ddot_r_devs:
 -0.0748085575835 0.103891473906 0.0290940555773 -0.0925726584820 0.0597689922101 0.0102247653636 -0.220855489643 -0.298231564947 -0.175174964302 -0.00128382225196 0.000987770669383 -0.0618575527999 -0.0892178894045 -0.0536838935312 0.00313441826382 0.0249609660289 0.0429382443263 0.0587353165107 0.0664712166139 0.0443255955156 0.0139082326653 -0.00846064519063 -0.0126760691515 0.00977787774002 0.0480080586366 0.0818045414356 0.101064515043 0.0907804855570 0.0410273641574 -0.0114708494406 -0.0288531857449 -0.0190642136809 -0.00268336005683 0.0104526067926 0.0156142947801 0.0181672606549 0.0286866974654 0.0435610636085 0.0495157611001 0.0430489946893 0.0369876704955 0.0336564915788 0.0166559347306 0.00111868333452 0.0225253667595
# bar_r_devs:
 -0.101295725736 -0.115708501009 0.0108336597767 0.0770213149698 -0.196509942744 -0.123651369703 -0.00873615161706 0.147883868434 -0.104354313415 0.0286932694930 -0.00211857136630 -0.0757828610087 -0.0670821581135 0.175318450107 -0.139702527424 0.0740412969304 -0.0141860527359 0.0627632858386 0.0669357867175 -0.0299826164295 0.0652988058089 0.270321053227
# l_infty_devs:
 0.00000000000 0.00000000000 0.00000000000 0.00000000000 0.00000000000 0.00000000000 0.00000000000 0.00000000000 0.00000000000 0.00000000000 0.00000000000 0.00000000000 0.00000000000 0.00000000000 0.00000000000 0.00000000000 0.00000000000 0.00000000000 0.00000000000 0.00000000000 0.00000000000 0.00000000000
# bar_f_devs:
 0.0433677900339 0.146574634567 0.141596012633 0.0128892989863 0.00464355952135 0.0969112020517 0.0969347937156 -0.0654217091666 -0.0404732193204 -0.0318076948359 0.0193394536476 -0.113942811629 -0.0306937376089 -0.199395494368 -0.0753619708955 0.0331590133750 -0.0676437834414 0.130234112709 -0.0437724221073 -0.0594469779423
 -0.0160732026929 -0.233750483627 0.154097525603 0.102897971129 0.0959439560997 -0.0168998641034 0.0942604563962 -0.0995563649774 -0.269410475177 -0.00249985706118 0.0348796313060 0.136866971715 -0.0357274284234 0.0691142458735 0.0391910811072 0.0511245477879 0.00769564690584 0.0195677358629 0.0666329087474 -0.0722169998165 -0.0469879279174 -0.0125793537551 -0.0641400920686
