# Number of parameters = 149  Objective function value = 13118.9  Maximum gradient component = 4.40448
# theta[1]:
8.61344612882
# theta[2]:
7.58253179593
# theta[3]:
0.271236736583
# theta[4]:
36.4600000000
# theta[5]:
0.180000000000
# theta[6]:
0.750000000000
# theta[7]:
14.9775004702
# theta[8]:
0.543551300400
# log_bar_f:
 -2.73242100904 -0.383503658119
# log_tau:
 0.0847072477248 2.84469915171
# sel_par[1]:
 -4.85777356803 -4.98692435743 -4.99694126770 -2.43435685044 0.101075301187 1.08068765315 0.647093875159 0.188404543777 0.464355607863 1.14479281548 1.73838003119 2.87898758313 3.04570998657 3.16175148459 2.82475716151
# sel_par[2]:
 -4.99109148247 -1.27030187345 0.234264823743 1.15669499878 1.62972057762 1.30193295226 0.916228379913 0.506345044659 -0.0344203284310 -0.261233484530 0.165021050070 1.12025501969 1.90520857024 2.60440269656 -4.98302694465
# ddot_r_devs:
 -0.627923784578 -0.0881448317914 0.196902126759 0.560811554328 1.15230625554 1.57607695511 1.19916931777 0.570691901549 0.0889040712225 -0.208961231302 -0.371227538287 -0.444478868157 -0.462511341017 -0.448457394882 -0.416010688112 -0.373577447846 -0.327891296130 -0.283100856093 -0.240195611595 -0.200514481718 -0.165863028626 -0.136721665114 -0.112042833767 -0.0918116270125 -0.0734857150295 -0.0578816422095 -0.0455624442628 -0.0361646490791 -0.0281003683108 -0.0220785019463 -0.0174558714203 -0.0135770388795 -0.0105500781133 -0.00819206258967 -0.00629973919320 -0.00487634910198 -0.00419451699097 -0.00335129203495 -0.00275126346533 -0.00215116230123 -0.00173300891094 -0.00174551518700 -0.00183481150786 -0.00160084459412 -0.00184078112508
# bar_r_devs:
 1.00246697897 0.172317485931 -0.525299627684 0.914305974335 -1.14137903291 -1.71609802058 -0.521773222094 -0.836971819626 -0.715198664540 -0.365202232944 -0.352131027724 0.0696122766239 -0.189727092036 0.161534196931 -0.248514449935 0.288195252724 1.71357283134 -1.02044505430 0.714533462398 1.15271888430 0.394375026621 1.04910787420
# l_infty_devs:
 0.00000000000 0.00000000000 0.00000000000 0.00000000000 0.00000000000 0.00000000000 0.00000000000 0.00000000000 0.00000000000 0.00000000000 0.00000000000 0.00000000000 0.00000000000 0.00000000000 0.00000000000 0.00000000000 0.00000000000 0.00000000000 0.00000000000 0.00000000000 0.00000000000 0.00000000000
# bar_f_devs:
 -0.406140704484 -0.939399771538 -0.961068570763 -0.760393771639 -0.600259561362 -0.0177095533771 0.329802279377 0.0651581493057 0.722521844570 0.828852213574 0.775964094285 0.111355049997 0.0976931204110 0.379206472638 0.325508543208 0.318136712420 0.164468471350 -0.0582871901020 -0.392358534689 0.0169507068175
 -0.765218467482 0.0154684529954 -0.559200054825 -0.335121530307 -0.343098155849 -0.237593193497 0.619220342340 0.618896688334 0.626946778062 0.476236816963 0.582826370516 0.263688250240 0.345001866924 0.276003701037 -0.0771012073920 0.0890966991587 -0.0175177905041 -0.815934647586 -0.183306163706 -0.0832613712553 -0.153106573749 -0.0979875129745 -0.244939297444
