#K linf phi
0.261119 74.7015 76.3463
0.261087 75.3551 75.2664
0.294709 72.7396 79.054
0.309447 71.3871 75.6872
0.290277 72.9261 77.1001
0.270766 74.1517 82.125
0.271504 74.4452 79.5304
0.275313 73.6614 79.3342
0.289506 72.8927 79.0647
0.309102 71.6217 83.2064
0.295296 72.3583 74.7626
0.29621 72.3147 82.7143
0.287477 72.9215 79.4107
0.293559 72.5308 78.4532
0.277297 73.7016 83.5821
0.292476 72.3985 77.9548
0.277416 73.605 77.2424
0.276787 74.0424 80.0072
0.273791 74.1998 79.6097
0.276967 73.508 79.243
0.258756 75.4336 82.0988
0.245178 76.5251 78.205
0.259526 75.2196 77.5224
0.273065 73.9203 80.1433
0.296365 72.249 78.4747
0.270225 74.6101 75.6247
0.26555 74.589 78.7696
0.283951 73.2442 83.7805
0.282784 73.5106 82.3178
0.261532 75.1364 80.8562
0.26187 74.922 78.8767
0.261846 75.0738 76.2867
0.263154 74.8208 77.2412
0.307152 71.5041 81.0031
0.305154 71.9467 82.0627
0.282265 73.3607 76.8405
0.285683 73.0864 79.8917
0.265349 74.9179 80.3014
0.253539 75.9224 79.6819
0.253637 75.8519 75.1808
0.272378 74.1064 81.2206
0.262459 75.2084 79.2865
0.296297 72.3672 78.7442
0.293553 72.4953 82.8486
0.287064 73.0846 81.5802
0.298224 72.4558 77.5532
0.271433 74.0566 75.7499
0.256477 75.2718 75.9923
0.271661 74.3679 78.6475
0.28149 73.6419 76.6937
0.30756 71.6279 82.0319
0.259644 75.2718 76.8027
0.269281 74.5013 80.5886
0.283014 73.2056 76.857
0.286838 73.0146 79.6035
0.275894 73.6092 81.704
0.281983 73.4699 79.2124
0.274531 74.0424 75.6846
0.301916 72.1925 78.8633
0.29695 72.0288 73.8632
0.313437 71.0953 75.3667
0.296324 72.3166 76.7654
0.295416 72.3082 76.0827
0.278233 73.8253 83.4103
0.248286 76.3364 81.1065
0.262268 74.8433 81.2721
0.262293 74.9609 77.7284
0.252279 76.1297 79.4221
0.277895 73.586 79.014
0.289802 72.5141 75.057
0.27356 74.2101 78.7459
0.300294 72.005 76.5103
0.280595 73.4797 79.5645
0.273109 74.2018 79.5991
0.300185 72.0406 76.8669
0.291195 72.935 78.5002
0.286474 73.1245 80.0418
0.275377 73.9897 79.2594
0.277063 73.6262 80.5967
0.276451 73.518 81.1731
0.280138 73.5464 77.7878
0.264437 74.5604 78.9317
0.298566 72.0121 78.7911
0.280179 73.5819 81.6771
0.246723 76.7617 78.6552
0.269477 74.4707 83.7303
0.25685 75.6981 75.6233
0.274388 74.0103 80.4064
0.260206 75.1681 79.3842
0.266512 74.7045 77.4386
0.276768 73.809 76.6473
0.291786 72.7408 79.9894
0.286331 72.9304 76.2452
0.29154 72.6982 76.3153
0.263472 74.9017 78.3535
0.266589 74.9972 79.8715
0.26282 74.6063 79.1043
0.280745 73.4976 79.6617
0.287646 72.8651 72.7404
0.274428 74.0131 78.6749
0.273941 73.9801 76.1329
0.270556 74.1756 79.9233
0.280958 73.5144 82.3064
0.289738 72.8381 81.7142
0.286106 73.1959 85.4638
0.253231 75.945 79.6603
0.263704 75.0214 80.158
0.258939 75.3982 79.3575
0.281948 73.3908 76.9814
0.271983 73.9382 77.2082
0.304691 71.7659 77.4721
0.275015 73.7288 80.8371
0.29618 72.4153 77.3506
0.271989 74.1858 75.1157
0.289397 73.0498 74.5949
0.257899 75.265 79.8121
0.268255 74.6329 75.6861
0.294935 72.1513 79.6207
0.29181 72.6997 77.7693
0.280961 73.445 76.8838
0.265472 74.6688 80.0777
0.262404 75.3022 76.9244
0.260201 75.374 76.8395
0.269069 74.253 76.8263
0.272793 74.1885 74.0137
0.265162 74.6114 80.4527
0.283211 73.2195 77.1097
0.287203 72.9898 80.5158
0.29214 72.5211 80.4349
0.2848 73.297 84.7313
0.273395 73.8366 80.1163
0.303099 72.1465 79.5525
0.285979 73.1585 81.0088
0.301566 71.8168 76.6656
0.278931 73.3986 79.9517
0.26748 74.5481 76.3886
0.274248 73.7946 81.3342
0.272968 74.3122 75.2652
0.276837 73.6774 79.0863
0.29772 72.0536 79.676
0.314208 70.9279 77.6096
0.299807 72.1277 77.5467
0.271678 74.4582 76.7035
0.276481 73.5837 76.2008
0.279992 73.5644 80.4782
0.276719 73.5896 74.5046
0.287699 72.9408 83.2454
0.280519 73.478 72.8194
0.284543 73.1951 81.3879
0.267471 74.7681 80.504
0.255996 75.5549 73.6981
0.276145 73.9419 78.3407
0.276858 73.7542 77.4602
0.281009 73.5619 77.7569
0.285407 73.0204 76.804
0.271229 74.1141 79.6615
0.282339 73.1611 80.8054
0.276587 73.8331 77.1273
0.27808 73.5851 78.0248
0.308346 71.1594 80.048
0.304462 71.8702 77.5703
0.291607 72.5542 76.8893
0.256067 75.3927 80.1276
0.259094 75.3283 79.1017
0.281665 73.4667 78.1755
0.293534 72.3515 78.5435
0.268838 74.5947 79.619
0.272235 74.2787 74.2925
0.276709 73.4775 77.6327
0.265641 74.5859 74.6126
0.263089 75.0115 79.4615
0.276858 73.8132 77.4783
0.265058 74.8502 77.9306
0.286111 73.0285 76.0474
0.280121 73.2689 83.6271
0.28875 72.6695 79.5342
0.290561 72.9169 78.7668
0.277246 73.604 79.125
0.292335 72.861 77.0975
0.290621 72.5156 77.0497
0.260455 74.8193 75.9174
0.28451 73.145 80.8457
0.282382 73.171 81.4184
0.29976 72.2591 80.1632
0.279445 73.5919 79.0866
0.289693 72.6428 76.2564
0.300131 72.0306 79.4616
0.272325 74.5 82.0127
0.288842 72.9405 78.8303
0.289826 72.8377 79.4819
0.303988 71.7827 81.2502
0.296912 72.0199 78.4243
0.256311 75.9026 79.641
0.27957 73.3834 77.5823
0.265856 74.7249 81.0113
0.242368 76.9557 78.3281
0.268006 74.545 84.6452
0.260219 75.2057 80.0523
0.280532 73.3393 80.7185
0.272075 74.2311 79.2178
0.296395 72.6381 79.8313
0.275753 73.8415 79.0635
0.306499 71.573 81.042
0.290354 72.6584 82.0312
0.305049 71.8411 78.323
0.257526 75.264 79.0553
0.275502 73.8203 81.134
0.269125 74.4098 79.3622
0.273737 74.1404 81.0348
0.262531 74.8945 79.6774
0.296778 72.2507 74.641
0.29278 72.4558 76.8019
0.287071 73.0336 80.4838
0.281945 73.3455 83.4339
0.278626 73.6775 77.4404
0.287178 72.8937 79.3148
0.28691 72.9382 77.8536
0.281452 73.5196 77.4857
0.285917 72.8938 79.2049
0.264593 74.5761 75.9054
0.272248 74.4028 81.6261
0.259141 75.4328 77.8072
0.262628 74.8722 81.9808
0.26926 74.4424 74.459
0.288187 73.0407 77.9965
0.284116 73.1012 80.4202
0.284343 73.351 77.5793
0.28251 73.1786 76.9953
0.297235 72.4713 76.671
0.278786 73.3285 77.6969
0.278405 73.5916 75.2204
0.294363 72.3236 79.7459
0.274841 73.9054 77.5441
0.281336 73.4768 81.4067
0.282638 73.2781 82.5922
0.282598 73.1592 79.6931
0.276117 73.7284 83.2525
0.267795 74.3992 80.9345
0.261195 75.1092 77.4387
0.294195 72.7112 79.3524
0.300349 71.9939 78.6916
0.274976 73.8922 78.3878
0.272051 74.2328 79.6822
0.266055 74.6833 77.843
0.272433 74.0279 79.3147
0.26041 75.2196 77.3138
0.264161 74.9833 76.6096
0.266332 74.8365 78.7562
0.29491 72.5657 76.8006
0.276801 73.7016 78.0556
0.304026 71.6973 75.3827
0.289885 72.5907 77.309
0.279552 73.3998 79.0842
0.30442 71.846 77.789
0.276241 73.876 81.0184
0.273493 74.2905 81.6575
0.259548 75.5432 78.061
0.272058 74.1797 82.4414
0.256738 75.4403 75.9198
0.284844 73.2045 79.8587
0.278024 73.7458 77.9724
0.28474 73.2106 79.9982
0.269187 74.3007 77.2616
0.288189 72.8391 75.9159
0.266625 74.6701 79.2653
0.282737 72.9704 77.6403
0.281859 73.2966 77.7168
0.298025 72.2248 78.6306
0.270202 74.589 78.7992
0.274381 73.8043 79.7972
0.273625 73.9003 78.9847
0.289674 72.7734 80.2402
0.259503 75.2134 80.3736
0.2725 74.0833 77.138
0.285756 73.0119 80.5323
0.273439 73.5973 77.4105
0.269953 74.3726 80.0461
0.288076 72.8193 78.4317
0.299563 72.2161 82.3847
0.302482 71.7728 77.5212
0.278409 73.5602 77.785
0.287059 72.8535 79.0638
0.271524 74.0433 77.9994
0.289842 72.7259 78.6916
0.26445 74.6037 79.3567
0.291811 72.6939 79.4488
0.27749 73.4338 77.2798
0.305346 71.531 81.9504
0.281459 73.5777 79.034
0.297786 72.0998 80.396
0.294097 72.5611 82.9942
0.279028 73.8364 77.8161
0.285155 73.5435 79.1218
0.277519 73.5575 77.7324
0.281359 73.4947 76.9319
0.278098 73.783 80.7851
0.291125 72.8151 79.208
0.287647 72.9851 80.4245
0.298703 72.1524 77.8232
0.300622 72.109 79.2283
0.294094 72.1193 76.7819
0.261158 74.9733 82.5143
0.276579 73.9819 78.9422
0.293675 72.9202 80.0989
0.291427 72.7409 83.0105
0.266432 74.5625 74.8515
0.273669 74.2734 77.6759
0.276455 73.837 80.3894
0.262582 74.9198 79.3504
0.289214 72.8415 77.3687
0.298629 72.1403 76.631
0.289423 72.8199 76.1065
0.304501 71.7715 78.9486
0.267772 74.6076 84.204
0.296331 72.307 78.0825
0.295767 72.2938 82.0918
0.283968 73.2512 80.4265
0.291404 72.7526 76.651
0.27944 73.6611 79.8628
0.261895 75.0692 78.089
0.269613 74.0141 78.034
0.272575 74.4671 80.5501
0.275487 73.8741 74.1238
0.270932 74.1757 78.6431
0.258477 75.1294 81.8051
0.259273 75.0082 77.9321
0.296062 72.4656 76.9624
0.310956 71.3132 78.6521
0.296238 72.4564 81.5953
0.277085 73.8567 79.4371
0.298268 72.0323 82.6897
0.281664 73.2915 78.3213
0.27829 73.7325 80.5062
0.279947 73.5718 80.483
0.268879 74.3481 81.678
0.257693 75.2838 76.4357
0.276852 73.7701 77.4868
0.286925 72.9755 77.2474
0.280334 73.4145 79.8461
0.269766 74.5925 80.2169
0.274387 74.2571 79.3503
0.27773 73.8121 82.7606
0.272878 74.1757 77.1855
0.301233 71.8332 78.8985
0.293883 72.3355 78.7395
0.276762 73.7294 77.1054
0.275018 74.0354 78.0441
0.278453 73.4274 78.4227
0.281447 73.0779 74.5626
0.271737 74.3244 79.0545
0.263197 74.5435 81.863
0.280928 73.7413 80.7763
0.259126 75.7294 77.1169
0.273748 73.9019 79.5516
0.259374 75.1131 79.8226
0.2758 74.0372 81.1978
0.276395 73.7536 82.0679
0.261125 74.9571 82.4526
0.250862 76.2595 75.0829
0.279992 73.8595 82.9679
0.278179 73.5346 78.3649
0.272402 74.2174 79.6924
0.272013 74.1982 80.1925
0.28031 73.375 77.3245
0.268211 74.6738 77.2062
0.262779 74.4633 72.4217
0.282871 73.1581 78.7054
0.289014 73.1269 80.6115
0.287779 73.1449 78.4412
0.253575 75.8956 81.5884
0.271031 74.3338 76.3027
0.277626 73.4532 78.898
0.289534 73.1938 80.4159
0.29465 72.2899 76.6365
0.292107 72.7091 82.0757
0.280073 73.6242 79.204
0.272358 74.0491 77.79
0.291224 72.5235 78.5795
0.282249 73.3076 78.4474
0.27282 73.9785 77.234
0.275851 73.818 76.8059
0.267131 74.4658 79.2009
0.252717 76.2318 82.0433
0.272941 74.1747 77.3041
0.27169 74.0392 80.1874
0.278383 73.7699 79.5719
0.260646 75.414 82.0475
0.264014 74.895 78.2161
0.28945 72.9814 78.6749
0.299874 71.9566 76.5021
0.284128 73.0094 79.0462
0.269125 74.3307 78.1607
0.303983 71.6831 80.4282
0.268847 74.569 79.9927
0.263671 74.8995 77.7782
0.260548 75.1714 80.686
0.278507 73.4434 75.7266
0.278469 73.653 80.1512
0.291013 72.8619 80.3172
0.281379 73.5697 81.1583
0.286419 73.074 76.5627
0.282595 73.4061 79.0556
0.274689 73.8386 80.304
0.266527 74.8247 80.1466
0.292644 72.4456 80.4861
0.286164 73.1632 79.2789
0.280638 73.4969 77.8869
0.274769 74.0157 78.5454
0.288225 72.9416 77.0525
0.294091 72.3034 79.1246
0.274595 74.1436 77.5425
0.290824 72.6979 74.506
0.288798 72.6613 78.768
0.278384 73.2143 76.4258
0.264473 74.7221 80.7628
0.268029 74.359 78.1793
0.275042 73.9342 76.0655
0.29503 72.238 81.5407
0.264825 74.963 79.4295
0.271835 74.2145 81.5612
0.265209 74.5325 79.2988
0.291789 72.6699 75.9391
0.277446 73.8797 80.2563
0.276481 74.0104 81.9822
0.292263 72.2099 76.9241
0.271102 73.9548 79.8484
0.253837 75.9958 78.6373
0.281339 73.4947 76.941
0.26335 75.1752 75.3256
0.29963 71.869 75.2022
0.280447 73.5624 76.8587
0.276545 73.3991 77.9299
0.263701 74.7279 81.1354
0.255159 75.69 76.5093
0.251394 76.1546 80.101
0.273368 73.9966 77.3748
0.277425 73.8973 81.1273
0.271141 74.3781 77.4616
0.275823 73.8076 77.1693
0.275622 73.8782 75.2331
0.27778 74.0026 83.7341
0.267817 74.4857 78.273
0.266569 74.6354 73.6626
0.262635 74.8187 77.8208
0.284602 73.3094 80.9299
0.285252 73.233 78.0153
0.308846 70.995 77.1005
0.271629 73.9484 79.1091
0.26843 74.3939 83.2215
0.251742 76.1372 76.2316
0.275832 73.9101 80.2087
0.268285 74.3104 78.0874
0.278592 73.4174 74.5832
0.286352 73.034 78.1719
0.264792 74.6069 76.0217
0.253966 75.6572 77.5698
0.280958 73.3516 75.7349
0.27116 74.2942 77.2815
0.27553 73.9555 81.0209
0.28482 72.9979 80.4938
0.281173 73.4518 80.3482
0.262412 75.1763 81.8966
0.289113 73.1619 80.5005
0.28064 73.6296 82.4364
0.277021 73.4402 79.7225
0.281906 73.2566 77.7934
0.274243 74.1421 83.7814
0.29929 72.0701 77.8439
0.288069 72.8331 79.8132
0.270669 74.3624 80.3208
0.293615 72.3009 78.1513
0.274053 74.0218 78.5827
0.281469 73.3832 78.4719
0.268272 74.2817 77.9688
0.267172 74.3895 76.1393
0.276889 73.717 80.6758
0.257442 75.427 76.4978
0.26705 74.6233 82.1625
0.270854 74.1898 78.9969
0.275357 73.3919 79.175
0.282682 73.5038 85.8853
0.282761 73.3683 78.5729
0.279114 73.53 80.7582
0.266492 74.6085 78.3535
0.263524 74.8302 77.4387
0.276881 73.9216 79.5316
0.278397 73.6388 79.6714
0.290764 72.7092 80.4907
0.292037 72.5345 78.1434
0.270758 74.3413 80.5776
0.28058 73.5254 82.4837
0.268733 74.9127 83.0283
0.282437 73.1364 78.8096
0.285838 72.95 79.8083
0.280971 73.4035 81.2543
0.286406 73.053 82.7234
0.271486 74.4177 78.4128
0.272699 74.0708 74.5693
0.305217 71.8128 82.3631
0.295514 72.3227 76.1013
0.291991 72.5382 78.8201
0.293779 72.4611 79.2428
0.298302 72.0651 77.7754
0.272912 74.1403 79.5208
0.270232 74.5532 77.9344
0.277905 73.723 77.9628
0.299505 72.1685 82.1118
0.287714 73.1695 78.311
0.285202 72.9469 75.1407
0.26482 74.629 77.5659
0.284667 73.3466 80.1226
0.268745 74.7311 81.2818
0.271273 74.4976 80.366
0.265712 74.68 78.6741
0.283944 73.1137 78.874
0.296595 72.2084 76.8081
0.276737 73.8679 78.3922
0.279058 73.5328 80.2238
0.272923 74.2233 78.5062
0.259229 75.327 82.5807
0.274851 73.9073 77.0736
0.276075 73.9018 77.3614
0.275415 74.1767 78.4227
0.284218 73.309 80.2034
0.267358 74.9052 81.7449
0.259367 75.3844 78.0899
0.267616 74.3862 80.5084
0.280182 73.4602 76.6054
0.276914 73.7643 75.0998
0.278002 73.6435 79.7719
0.286533 73.054 80.6581
0.276992 73.768 77.4217
0.268745 74.7403 81.2103
0.274878 73.8863 76.01
0.302455 71.9425 79.7297
0.278628 73.6991 74.5676
0.278137 73.7414 76.7558
0.287828 73.0666 76.8643
0.30383 71.7491 80.1587
0.281115 73.7214 79.2406
0.258326 75.0668 80.9864
0.283605 73.284 77.5165
0.300391 71.849 79.91
0.282692 72.9737 80.3978
0.281438 73.1169 76.6474
0.281703 73.6565 76.9944
0.290299 72.9957 88.4523
0.282524 73.2091 77.3127
0.286683 72.7519 79.7502
0.271499 74.4638 78.9018
0.259999 75.0652 77.9997
0.29241 72.5848 75.651
0.282621 73.2953 76.6519
0.277497 73.6249 80.0743
0.284302 73.2968 81.1072
0.273636 73.9432 78.3308
0.280155 73.6406 80.3699
0.290462 72.7395 75.93
0.299018 72.087 73.9576
0.29471 72.4697 74.7619
0.298329 71.7989 76.5395
0.255674 75.6737 76.8608
0.280024 73.6441 83.0031
0.275769 73.954 79.4769
0.286171 73.0258 79.4521
0.288501 72.705 77.3507
0.293152 72.6078 78.1808
0.286601 73.2275 79.3224
0.295337 72.3524 79.9238
0.280397 73.3716 77.0914
0.256509 75.3475 80.1199
0.293694 72.5414 77.6027
0.260224 75.336 78.0634
0.290635 72.7278 80.9195
0.283222 73.1263 80.8108
0.300431 71.9874 76.2357
0.277793 73.7812 77.7835
0.285812 73.3044 75.4802
0.27707 73.5589 74.443
0.295261 72.1018 79.7367
0.288594 72.6338 80.1216
0.261262 75.141 78.0043
0.273466 74.3449 75.9969
0.277127 74.0309 76.0788
0.297108 72.1313 77.0147
0.299596 71.9902 79.6704
0.283768 73.112 81.1907
0.275613 73.8585 76.5194
0.260991 75.3543 78.6167
0.27031 74.3518 80.1251
0.290884 72.6651 77.2769
0.277327 73.7749 82.845
0.302276 71.8044 78.3756
0.267752 74.2774 77.7715
0.28683 73.1502 73.5392
0.263229 74.9946 81.1477
0.266994 74.4907 82.5137
0.247926 76.4202 85.188
0.254231 75.7775 78.6459
0.25936 75.0197 80.7578
0.255452 75.6646 76.425
0.28008 73.6567 78.4463
0.284439 73.4143 77.3036
0.269059 74.5972 80.9084
0.275638 73.7692 78.621
0.278109 73.917 79.0911
0.253673 76.0401 77.0121
0.286767 72.7667 78.8856
0.292002 72.556 82.2752
0.284929 73.1535 76.8668
0.287923 72.9201 79.653
0.27024 74.2339 72.2842
0.277485 73.6273 83.9476
0.276329 73.5534 80.0624
0.281177 73.5245 74.373
0.26455 74.475 78.5654
0.303358 71.7879 77.4923
0.282457 73.6211 80.4963
0.27136 73.9336 73.9805
0.276269 73.6983 78.5156
0.274837 73.9302 78.3543
0.281632 73.5276 75.8944
0.258131 75.3657 80.0787
0.266315 74.9245 78.0638
0.260158 75.0111 80.1961
0.261542 75.0583 84.7111
0.268638 74.34 81.8605
0.266733 74.4912 78.3201
0.271958 74.3351 80.0102
0.274286 74.1433 78.996
0.277923 73.7333 77.0705
0.290317 72.649 79.3088
0.251722 76.0964 77.7096
0.267242 74.6088 79.6309
0.253342 75.7949 79.012
0.285376 73.2387 78.481
0.289637 72.8521 76.0484
0.287371 72.7016 77.1913
0.279636 73.733 78.3016
0.289256 73.1095 77.7639
0.27404 74.3391 79.8546
0.256268 75.8385 76.9278
0.271754 73.9199 82.9657
0.291773 72.4267 75.4005
0.273256 74.3164 79.4592
0.273038 73.7027 79.0597
0.29219 72.7239 75.423
0.300378 71.8229 79.3407
0.281344 73.5614 77.5552
0.270406 73.8773 76.3358
0.258636 74.9616 79.5725
0.26496 75.0397 80.1889
0.283489 73.3624 81.2769
0.276439 73.7593 75.4374
0.275862 73.9673 80.2149
0.260964 75.0137 73.9603
0.270012 74.3143 76.6234
0.273383 74.0509 75.3018
0.253687 76.0237 77.4199
0.278476 73.6087 76.3256
0.241978 76.9665 74.6541
0.27478 74.2463 80.2461
0.271162 74.0433 77.9703
0.26735 74.3534 76.6617
0.269596 74.4548 81.0451
0.25622 75.7473 79.7897
0.270621 74.1559 76.573
0.276452 73.8246 76.8758
0.242557 76.9091 72.6233
0.244906 76.6953 77.9716
0.269106 74.3768 78.6117
0.294367 72.5776 80.5406
0.288004 72.9631 78.7113
0.271232 74.3123 79.3298
0.25498 75.9772 74.4613
0.255669 75.6563 81.2911
0.247881 76.5095 76.1997
0.254939 75.6893 80.7388
0.270763 74.4404 78.7272
0.289052 72.786 79.3771
0.275914 73.776 79.2402
0.276183 73.8925 81.5725
0.295493 72.448 75.5154
0.263222 74.5531 79.5571
0.275373 73.9332 80.2066
0.303251 71.9617 78.0363
0.281818 73.3859 77.6563
0.280848 73.4677 78.3934
0.26871 74.5961 77.4085
0.261275 75.0874 80.2273
0.276733 73.7705 78.7259
0.24433 76.6368 78.8526
0.266398 74.702 78.8009
0.287668 73.1741 76.8966
0.28161 73.3891 78.7915
0.28725 73.0258 76.5002
0.274368 74.2308 80.0639
0.294431 72.5727 85.5096
0.297949 72.3828 78.5352
0.28568 72.8455 75.6904
0.273315 74.1811 79.1705
0.270879 74.469 80.4798
0.280516 73.554 76.4041
0.278474 73.6871 81.3509
0.284629 72.9765 77.1071
0.291802 72.8069 81.5303
0.292454 72.2946 78.8728
0.287081 72.9167 79.172
0.279259 73.4811 80.3947
0.265318 74.5561 83.0374
0.259128 75.4855 81.4343
0.27317 73.9243 80.7417
0.272475 74.1958 78.3817
0.279022 73.5669 77.1932
0.279643 73.5605 76.9842
0.268022 74.4656 80.1563
0.286923 73.0099 75.9854
0.267251 74.8498 82.8345
0.257149 75.7113 75.4692
0.279215 73.871 79.151
0.268973 74.6165 82.6929
0.272736 74.0747 80.0054
0.277026 73.5785 79.2093
0.265289 75.0126 78.3466
0.268869 74.6349 79.7251
0.268103 74.4262 77.0905
0.277774 73.5643 79.0621
0.289003 72.5931 80.2957
0.284577 73.318 75.9138
0.274224 74.282 78.5466
0.254578 75.46 81.4526
0.266293 74.7268 78.7207
0.264273 74.8428 78.5731
0.295457 72.5054 80.4684
0.27129 74.1383 81.5394
0.244024 76.8163 85.6432
0.265113 75.0341 78.7161
0.234469 78.2277 81.978
0.251504 75.8571 83.5897
0.277215 73.8985 79.2543
0.293875 72.3855 75.2057
0.277602 73.645 81.2108
0.277427 74.0636 79.9369
0.264188 74.7409 81.8448
0.273947 74.0489 80.0086
0.272711 73.8348 77.4577
0.293696 72.4371 79.8395
0.271494 74.2393 81.5838
0.273456 74.0119 76.6634
0.278383 73.5479 77.5785
0.272053 74.5813 75.0443
0.285557 72.9622 78.6644
0.288139 72.9082 78.9857
0.275841 73.7668 76.5123
0.269039 74.4812 78.7575
0.258986 75.3015 78.3246
0.263947 74.9833 80.5496
0.279886 73.5472 76.2283
0.281318 73.6993 81.3321
0.252131 75.9652 75.4181
0.280915 73.4198 82.1166
0.277223 73.8672 80.8695
0.260405 75.3483 79.6916
0.254373 75.7331 75.2758
0.260916 75.064 77.8854
0.279197 73.5715 80.6822
0.286354 73.0172 76.5181
0.286765 73.1049 73.2842
0.292448 72.4434 79.4702
0.29448 72.4854 81.6305
0.283885 73.2859 76.6029
0.281109 73.4452 75.2937
0.277657 73.8017 74.8027
0.291734 72.8723 79.2542
0.29828 72.0733 80.0952
0.280439 73.4154 79.7529
0.267972 74.6784 76.5877
0.268963 74.5194 76.2839
0.258433 75.6211 80.0346
0.289148 72.6281 79.5827
0.2907 72.7283 81.8946
0.255169 75.9273 81.3855
0.262672 74.9852 82.0875
0.299237 72.1033 77.9819
0.300146 72.0867 75.6466
0.286567 73.0837 84.4007
0.279281 73.7422 76.7684
0.277688 73.8424 80.6204
0.254827 75.5419 75.0772
0.253024 75.8042 79.9796
0.269894 74.0964 76.9407
0.266798 74.6256 77.0431
0.28507 73.1345 76.7527
0.276168 73.8994 82.7726
0.290752 73.01 75.9423
0.270076 74.4478 77.4406
0.262744 74.7288 86.7617
0.277621 73.7409 79.439
0.255527 76.1091 77.0202
0.283257 73.3193 78.3137
0.273209 73.8415 80.8882
0.284092 73.1858 80.4108
0.288445 72.8286 79.5231
0.285847 73.0833 78.4435
0.286058 72.8808 76.691
0.272719 74.1101 82.8731
0.269447 74.4697 81.8464
0.269917 74.3436 79.0521
0.277684 73.89 85.1477
0.274523 73.8887 80.1458
0.276821 73.8509 78.822
0.274628 73.925 78.2143
0.283866 73.6333 81.3854
0.277153 73.6569 81.0809
0.287443 73.1542 83.0646
0.296323 72.2512 85.247
0.308716 71.6092 85.9189
0.289037 72.5564 77.412
0.256856 76.0664 80.2578
0.236184 77.7597 74.5183
0.274967 73.9214 79.4243
0.273716 74.1747 77.4942
0.29061 72.8022 77.2351
0.278127 73.4011 76.6624
0.274578 74.0271 79.0927
0.262581 74.974 79.8574
0.274024 74.1523 82.1568
0.271811 74.1221 81.573
0.273398 74.0045 78.1438
0.312782 71.386 78.9653
0.288507 72.5623 78.9259
0.296964 72.1933 83.513
0.257836 75.648 77.7704
0.278687 73.4414 79.035
0.263778 74.9624 80.1345
0.278489 73.7457 79.1563
0.28016 73.8831 78.3967
0.281233 73.3901 83.4491
0.293686 72.7456 78.7677
0.262346 74.9976 80.0204
0.274833 73.8446 81.4679
0.277467 73.6884 81.0678
0.307851 71.3892 77.677
0.278818 73.8003 76.9503
0.277598 73.7692 76.3827
0.285535 73.0237 76.8014
0.284357 73.3782 80.0293
0.272906 73.9027 75.9356
0.248861 76.4557 80.353
0.247589 76.515 75.6605
0.288975 72.9433 79.0552
0.275722 74.1034 81.7186
0.289648 72.7145 77.8995
0.295491 72.3286 76.382
0.294044 72.2821 78.0901
0.277508 73.5482 81.8219
0.27663 73.6007 81.8265
0.270441 74.1254 81.9442
0.275362 73.9091 76.9653
0.27144 74.519 78.4143
0.27853 73.6758 77.5418
0.277028 73.9803 76.2616
0.287974 72.9776 81.0105
0.29281 72.6237 79.2441
0.27656 73.6904 78.6938
0.272545 74.0633 77.7212
0.285076 72.9179 78.3948
0.261504 75.1373 79.5801
0.255193 76.1377 79.0094
0.292012 72.168 78.1778
0.278518 73.4557 78.8762
0.273383 73.9861 84.1792
0.269116 74.2678 82.6808
0.277231 73.6758 76.0368
0.289441 72.7536 73.7622
0.276908 73.7205 78.1005
0.269817 74.0875 77.8591
0.304405 71.8537 75.1316
0.293943 72.6544 82.5913
0.27279 74.2119 75.7138
0.278258 73.7782 73.668
0.276328 74.0656 79.9186
0.284686 73.2736 78.7037
0.265076 74.9415 80.1655
0.273174 74.0947 77.3331
0.267828 74.5049 77.6169
0.269043 74.3428 78.2203
0.278626 73.45 78.7425
0.255143 75.3259 77.3186
0.261755 75.1223 74.4724
0.285735 72.9253 78.0075
0.278754 73.5673 81.3478
0.277207 73.6044 75.6639
0.283637 73.5589 76.7085
0.273262 74.2637 77.1169
0.284297 72.963 78.5352
0.303003 72.0382 79.9254
0.287043 72.8687 78.7226
0.273215 74.0293 79.6685
0.284813 73.3109 82.5824
0.297571 72.0363 75.9388
0.278915 73.525 78.1832
0.273025 74.2603 79.5616
0.266589 74.386 75.8678
0.267674 74.8159 79.2312
0.292535 72.4748 75.7008
0.308945 71.6863 77.2034
0.30115 71.79 80.0686
0.263264 75.1051 83.2608
0.263125 75.0114 76.1528
0.272203 74.2512 84.6401
0.276644 74.0092 80.5793
0.281806 73.5693 80.9608
0.279289 73.3824 76.5355
0.300457 71.5933 79.2195
0.290676 72.6327 75.6161
0.274358 74.1292 77.9055
0.280882 73.471 76.8449
0.293354 72.3285 76.9022
0.283996 73.4854 78.2489
0.270467 74.2104 77.4458
0.286703 73.0714 78.185
0.281459 73.4051 81.5642
0.281906 73.187 78.48
0.263477 74.9409 80.1355
0.276165 73.7915 79.6075
0.269209 74.3157 76.0204
0.267288 74.6688 79.8839
0.259598 75.6851 77.2366
0.305563 71.716 81.7733
0.301552 72.0292 79.3345
0.293373 72.5536 76.2051
0.272496 74.119 82.2666
0.277012 73.6865 79.9852
0.272561 73.8007 74.1122
0.263485 74.7936 80.4323
0.280364 73.5609 75.9698
0.276161 73.8276 78.7393
0.27209 74.1189 80.4364
0.297247 72.2712 78.2855
0.27586 73.8407 76.4662
0.280559 73.4467 77.4276
0.28029 73.1164 81.1149
0.277773 73.8933 81.573
0.279162 73.6523 80.0107
0.283033 73.5102 76.078
0.265361 74.685 77.4789
0.281415 73.3396 77.2769
0.277525 73.8559 75.5922
0.269304 74.7096 79.4124
0.277718 73.4811 75.9108
0.272214 73.991 78.7122
0.300542 72.0221 80.8202
0.283985 73.3619 78.4344
0.285758 73.082 76.622
0.292102 72.4549 73.8837
0.281524 73.5727 78.9131
0.271625 74.0921 77.5648
0.27275 73.9824 77.1625
0.263137 74.6025 81.2771
0.267308 74.4881 81.7111
0.260657 75.3336 78.6902
0.285503 73.1778 75.6279
0.289332 72.8557 77.3189
0.261949 75.3039 77.252
0.269482 74.2989 78.9455
0.269602 74.7029 80.3184
0.300532 72.0802 81.3673
0.285666 72.9549 76.165
0.277373 74.1801 77.4144
0.281082 73.5559 76.8554
0.272696 74.4186 76.2362
0.274286 74.0662 81.9244
0.262643 74.6413 77.7404
0.276288 73.8158 76.5911
0.269336 74.7369 81.0411
0.28606 72.8365 79.2301
0.289281 72.9213 78.4244
0.264621 74.5803 79.5787
0.277164 73.665 74.8352
0.310752 71.2632 80.374
0.276553 73.6921 80.4899
0.270678 74.3197 80.0834
0.268439 74.8983 77.8631
0.266914 74.8228 77.6469
0.294977 72.219 82.3617
0.294077 72.24 82.1971
0.284114 72.9267 81.0603
0.29269 72.5609 80.2373
0.283986 73.2499 79.7044
0.293239 72.9675 78.7638
0.286854 73.0854 81.1744
0.285172 73.1279 79.7379
0.292042 72.6157 78.6884
0.259855 75.0906 77.6784
0.2777 73.8932 81.0727
0.276271 73.8054 77.3951
0.317 70.7755 80.1039
0.300531 72.0806 78.6901
0.296273 72.4218 76.8534
