# Number of parameters = 123  Objective function value = 8692.60  Maximum gradient component = 0.000146866
# theta[1]:
7.39744488459
# theta[2]:
7.62212051664
# theta[3]:
0.195512033162
# theta[4]:
36.4600000000
# theta[5]:
0.180000000000
# theta[6]:
0.750000000000
# theta[7]:
9.99076448863
# theta[8]:
0.201498074266
# log_bar_f:
 -2.26087629889 -2.28361690621
# log_tau:
 0.0150533498055 -0.213845393704
# sel_par[1]:
 2.69905010253 1.09255301987
# sel_par[2]:
 4.99999882402 4.17600324593
# ddot_r_devs:
 -0.927202635087 -0.180685183791 0.00586681273415 0.951221941342 -0.174064026895 -0.616833378876 -0.606088182590 -0.425592060362 -0.210208235506 -0.0194371248672 0.121156422693 0.206011425793 0.242808127489 0.245413863975 0.227773937490 0.200666705822 0.171067206122 0.142843446149 0.117769498958 0.0963843194215 0.0785826756397 0.0639741119140 0.0520806169285 0.0424347102620 0.0346212446407 0.0282896017070 0.0231518665288 0.0189753116238 0.0155732883309 0.0127966450833 0.0105262117887 0.00866664474977 0.00714154122846 0.00588955269688 0.00486137305706 0.00401753439057 0.00332678119071 0.00276504655981 0.00231516802412 0.00196742502987 0.00172139003745 0.00158988761688 0.00160646163990 0.00183888944291 0.00241313987542
# bar_r_devs:
 -1.23150851379 0.267558545981 -0.0504582424211 0.279731706114 -0.401545385869 -0.183740544613 0.784087008161 -0.662323655774 -0.221887287663 0.194426884706 -0.283280519209 0.199495531070 -0.235296251799 0.902500142456 0.381767963017 -0.171703665337 0.109937787258 -0.189638334260 0.211440936307 -0.0872305212534 -0.708007534209 1.09567395113
# l_infty_devs:
 0.00000000000 0.00000000000 0.00000000000 0.00000000000 0.00000000000 0.00000000000 0.00000000000 0.00000000000 0.00000000000 0.00000000000 0.00000000000 0.00000000000 0.00000000000 0.00000000000 0.00000000000 0.00000000000 0.00000000000 0.00000000000 0.00000000000 0.00000000000 0.00000000000 0.00000000000
# bar_f_devs:
 -1.49140220436e-06 0.352237321399 0.124948625608 0.382535733160 -0.600702137711 0.295879316164 0.709217981740 -0.103228228505 -0.344175667005 -0.839074320554 0.440612797396 -0.393000227548 -0.585936089231 -0.0150394324299 -0.0938457880276 0.663783825911 0.328259703453 -0.172316842080 -0.279179812296 0.129024731959
 0.0458223088278 0.185762541205 0.336184947791 -0.137275153716 -0.450740660112 0.0243095778758 -0.119231981153 0.00570376653497 0.159743227867 -0.876132715568 0.318078836623 -0.589641909202 0.716775702210 0.370484480521 0.0713321135140 -0.286079644392 0.452814225419 0.00773593652428 0.156204176405 -0.319098483513 -0.330976551029 0.189348734971 0.0688765223967
