# Number of parameters = 80  Objective function value = 39659.4  Maximum gradient component = 3162.18
# log_Ninit:
3.35963140139
# log_rbar:
5.00886942627
# log_m_linf:
-2.50400165652
# log_lx:
1.70475538094
# log_gx:
-39.1195341747
# init_log_Ninit_devs:
 0.237168992081 0.633516516453 3.01832859766 -0.218630254107 0.682166304110 0.688249039105 0.315076943795 0.852409391244 0.156337282423 -0.441397522894 -0.992691465847 -0.923022140435 0.801507180101 1.01738442426 0.540340764529 0.468951225794 -0.565331634018 0.567498070754 0.116493529403 -0.153773310048 -0.325004018931 0.354603064964 1.01886899456 0.840789309169 0.972759426706 1.20041888649 0.673255116002 0.908687707073 0.513278527096 1.18406334803 1.26540881858 1.21153863833 0.997837307587 1.38854747117 1.19765162891 1.17925300402 1.21660445005 1.20392562994 1.05649895919 0.903095481085 0.698215718716 0.587521907435 -0.145080053270 -0.327825573291 -0.494260137725 -1.60667905553 -2.38007651616 -1.79577773864 -3.25494243177 -3.28110396997 -3.24435736191 -3.44871235273 -3.40970693146
# log_rec_devs:
 2.35132460287 -3.54530866301 -2.11131820011 0.684847607598 0.424696341530 1.22222121765 -0.606950404357 0.601409318812 -2.22436796335 -0.356083009314 0.536800874651 -1.11714465837 -0.676912004740 1.30886279737 -0.281542052734 -2.57100661719 1.06483367461 2.27125158172 -3.13439059001 2.23884599323 -2.18616346139 0.156076562566
