# Number of parameters = 123  Objective function value = 14408.3  Maximum gradient component = 8.44025
# theta[1]:
9.53574267704
# theta[2]:
7.73556788202
# theta[3]:
0.214262134041
# theta[4]:
36.4600000000
# theta[5]:
0.180000000000
# theta[6]:
0.750000000000
# theta[7]:
15.6046908764
# theta[8]:
0.214218696052
# log_bar_f:
 -3.27486956969 -1.43438860690
# log_tau:
 0.380206285487 3.07483936418
# sel_par[1]:
 5.80427335501 2.14280116674
# sel_par[2]:
 11.6070194686 14.9998336298
# ddot_r_devs:
 -1.43366100972 -1.08004198219 -1.23857615455 -1.39790519805 -1.35575273306 -1.19420637813 -1.00275664424 -0.807901671756 -0.599192713665 -0.359377874002 -0.0820454673281 0.232667335884 0.571371802747 0.895134232339 1.14357435743 1.25903078971 1.22647222506 1.08620856799 0.902267018297 0.718559762375 0.559045318372 0.430504691270 0.330481161405 0.254199629199 0.197148455042 0.153933525123 0.119541054331 0.0927204694840 0.0731411105691 0.0582844047313 0.0466168448411 0.0379752006378 0.0295441055618 0.0239472405690 0.0196695110744 0.0149136266726 0.0112846960005 0.00949409850256 0.00821814026641 0.00702456167614 0.00608387356440 0.00725739204920 0.00688689006687 0.00785315577047 0.0103625780718
# bar_r_devs:
 0.380974989096 0.351266609296 -0.394008076095 0.607745863311 -1.11306853233 -1.48561863260 -0.624047699694 -0.711652196671 -0.903076860128 -0.241322812198 -0.577710124643 -0.279644056429 -0.231859017603 -0.0178699779863 -0.302425992884 0.172696990937 1.41518397370 0.293761153488 0.473940869909 1.35611723582 0.453788608754 1.37682768495
# l_infty_devs:
 0.00000000000 0.00000000000 0.00000000000 0.00000000000 0.00000000000 0.00000000000 0.00000000000 0.00000000000 0.00000000000 0.00000000000 0.00000000000 0.00000000000 0.00000000000 0.00000000000 0.00000000000 0.00000000000 0.00000000000 0.00000000000 0.00000000000 0.00000000000 0.00000000000 0.00000000000
# bar_f_devs:
 -0.434937076112 -0.883657924247 -0.933302624302 -0.767589650368 -0.630013507264 -0.00941420351234 0.284541805382 0.0250796674387 0.623767999257 0.717807482441 0.693970399658 0.0480875091878 -0.0449008223532 0.457823772485 0.371551045948 0.377025975135 0.119560166849 0.250586367751 -0.292466505367 0.0264801219920
 -0.422610369584 0.471528709201 -0.385104634066 -0.453206472522 -0.327386730403 -0.292905795414 0.375022705152 0.622507196715 0.591730353568 0.364487791206 0.529194631629 0.135843227586 0.108207676592 0.157451630344 -0.0973484966244 0.0942971750169 -0.100205516182 -0.437016500226 -0.182933244618 -0.0577104999211 -0.188990908459 -0.136967137225 -0.367884791766
