# Number of parameters = 4  Objective function value = 424.608  Maximum gradient component = 6.63668e-05
# log_linf:
5.98404399200
# log_k:
-2.00658712138
# log_phi:
-3.19923697427
# log_sig_linf:
-2.76170904445
# delta:
 -0.228489053697 0.790293953376 -0.232866763205 -0.575252070100 -0.484859116505 -0.419376907190 -0.0614779341198 -0.175293417562 0.354155863424 -0.118239189583 -0.0916303774723 -0.483217781441 0.812542104561 0.0615422980561 0.978590786450 1.21760943746 -0.136514455938 -0.0826747859051 0.750577102796 -0.119327079271 -0.0487265224214 0.977844988200 -0.669527340620 -0.0769435672742 0.372862699128 -1.07767358013 0.154388827611 -0.637956985283 -0.885033351404 -0.0764872650536 -0.347939156618 0.576635636967 0.934743256074 0.676210710512 0.742585733582 -0.921962554343 0.00884041957171 0.187622995870 -0.901940391762 -0.299357466365 0.00390117355284 -0.0273376538378 1.87593721495 0.295762118400 0.514820246649 0.576131586556 -0.273014603120 0.218726170828 -0.233689532341 -0.947409534990 0.0633301912717 0.755651834414 -1.15874083089 -0.388535368641 -0.211144685037 -0.108876013279 -0.747244401351 -0.330097887553 -1.46876556729 0.0577634900511 0.226085135276 -0.627177921782 0.0508029807904 -0.888855127714 -0.0101078808829 0.659915841285 -0.242514765622 0.0201949433057 -0.381845446007 -0.0623608615166 0.373726039945 -0.308379023909 -0.130227031924 0.618944037757 -0.193894886827 -0.0852454779204 1.03489687212 -0.0562814743669 0.0627817100834 0.790585520615 -0.0363334632351 0.167995168875 0.0209624001198 1.16035830230 0.301026601532 -0.00792445565328 0.619303962809 -0.601129815179 0.108207471709 -1.68449024660 0.190644770001 -0.238169772609 -0.107187970191 -0.200571383532 0.106677215637 0.599543068828 0.218846939260 0.509516828888 0.527296081511 0.155325812334
